4 0.515625 0.52265625 0.028125 0.03125
4 0.44453125 0.53828125 0.025 0.025
4 0.43046875 0.46328125 0.015625 0.025
4 0.39453125 0.453125 0.01875 0.01875
4 0.38125 0.409375 0.025 0.025
4 0.55234375 0.50703125 0.034375 0.0359375
4 0.475 0.521875 0.01875 0.01875
4 0.475 0.49296875 0.021875 0.01875
4 0.45703125 0.39296875 0.01875 0.01875
4 0.4671875 0.440625 0.0125 0.0109375
4 0.43046875 0.43046875 0.0125 0.0125
4 0.54765625 0.3734375 0.015625 0.01875
4 0.625 0.41171875 0.0171875 0.021875
4 0.59296875 0.51875 0.015625 0.021875
4 0.51953125 0.59609375 0.0171875 0.01875
4 0.46875 0.63203125 0.03125 0.021875
4 0.8875 0.3171875 0.021875 0.025
4 0.51796875 0.45 0.015625 0.01875
4 0.43046875 0.3171875 0.01875 0.01875