0 0.78515625 0.34765625 0.0296875 0.01875
0 0.796875 0.37421875 0.034375 0.01875
0 0.76484375 0.209375 0.0265625 0.025
0 0.48515625 0.2 0.03125 0.021875
0 0.921875 0.12734375 0.0234375 0.015625
0 0.83359375 0.0796875 0.040625 0.0171875
0 0.7953125 0.05703125 0.0375 0.01875
0 0.853125 0.0359375 0.0375 0.0296875
0 0.87890625 0.69140625 0.0375 0.0375
0 0.36875 0.76640625 0.01875 0.015625
0 0.3484375 0.74765625 0.015625 0.0140625
0 0.4125 0.64609375 0.028125 0.0203125
0 0.63046875 0.50625 0.03125 0.025
0 0.7171875 0.58046875 0.0296875 0.025
0 0.9609375 0.21953125 0.0234375 0.0140625
0 0.975 0.16171875 0.01875 0.0140625
0 0.91328125 0.20625 0.021875 0.015625
0 0.86796875 0.215625 0.025 0.015625
0 0.7828125 0.13671875 0.0234375 0.015625
0 0.71953125 0.1375 0.01875 0.0125
0 0.690625 0.13671875 0.0234375 0.0140625
0 0.6734375 0.03359375 0.01875 0.009375
0 0.08984375 0.64609375 0.0265625 0.015625
0 0.16171875 0.7 0.0203125 0.0234375
0 0.21640625 0.8203125 0.0234375 0.0203125
0 0.22890625 0.85078125 0.0171875 0.015625
0 0.25703125 0.85078125 0.01875 0.0171875