4 0.725 0.4390625 0.0578125 0.04921875
4 0.68125 0.81953125 0.03359375 0.03046875
4 0.6 0.81875 0.03515625 0.03203125
4 0.49609375 0.7421875 0.0359375 0.0265625
4 0.3859375 0.7296875 0.03203125 0.02109375
4 0.2984375 0.5609375 0.03515625 0.02890625
4 0.51796875 0.57265625 0.03203125 0.034375
4 0.6296875 0.7421875 0.02734375 0.02109375
4 0.75546875 0.640625 0.02734375 0.0328125
4 0.4640625 0.8203125 0.02421875 0.02265625
4 0.46875 0.77578125 0.03046875 0.025
4 0.5015625 0.90234375 0.021875 0.01796875
4 0.9375 0.72734375 0.01640625 0.0203125
4 0.7765625 0.8015625 0.0234375 0.01328125