0 0.3640625 0.44609375 0.05 0.053125
0 0.753125 0.34609375 0.03125 0.025
0 0.69921875 0.3328125 0.0359375 0.028125
0 0.65546875 0.49921875 0.0328125 0.0234375
0 0.34921875 0.3921875 0.025 0.021875
0 0.1921875 0.9625 0.034375 0.0421875
0 0.53515625 0.41875 0.0421875 0.034375
0 0.528125 0.4859375 0.040625 0.034375
0 0.73125 0.428125 0.0171875 0.021875
0 0.75390625 0.4203125 0.0171875 0.015625
0 0.74765625 0.44765625 0.021875 0.021875
0 0.753125 0.37265625 0.028125 0.0234375
0 0.696875 0.38046875 0.021875 0.028125
0 0.68359375 0.45234375 0.025 0.021875
0 0.68984375 0.425 0.01875 0.01875
0 0.66484375 0.4265625 0.0203125 0.021875
0 0.625 0.38046875 0.0140625 0.021875
0 0.79453125 0.41328125 0.021875 0.0203125
0 0.325 0.34453125 0.01875 0.021875
0 0.815625 0.17890625 0.028125 0.025
0 0.75625 0.21875 0.0296875 0.025
0 0.71328125 0.20546875 0.025 0.0234375
0 0.584375 0.42265625 0.025 0.01875
0 0.57890625 0.38203125 0.028125 0.021875
0 0.58671875 0.4984375 0.0234375 0.0171875