4 0.41328125 0.45625 0.02890625 0.0234375
4 0.3078125 0.584375 0.0375 0.0453125
4 0.23515625 0.53359375 0.0296875 0.03046875
4 0.45078125 0.3875 0.0359375 0.04296875
4 0.471875 0.55625 0.0265625 0.02421875
4 0.7890625 0.33515625 0.02734375 0.03203125
4 0.21328125 0.4484375 0.0203125 0.02421875
4 0.10390625 0.50625 0.0234375 0.01875
4 0.10859375 0.5984375 0.01875 0.0234375
4 0.0328125 0.54453125 0.025 0.021875
4 0.61015625 0.83203125 0.028125 0.0328125
4 0.6703125 0.79140625 0.02421875 0.0375
4 0.55703125 0.74296875 0.02578125 0.02421875
4 0.30234375 0.7140625 0.0171875 0.02890625
4 0.4296875 0.55078125 0.025 0.0265625
4 0.28125 0.62578125 0.02265625 0.01796875
4 0.51015625 0.46328125 0.021875 0.0296875
4 0.68671875 0.515625 0.0203125 0.02265625
4 0.48203125 0.665625 0.01484375 0.02265625
4 0.4296875 0.6984375 0.0125 0.01796875
4 0.521875 0.66875 0.01640625 0.02578125