3 0.56796875 0.66015625 0.07265625 0.071875
3 0.4609375 0.85234375 0.05078125 0.05546875
4 0.33046875 0.4265625 0.02109375 0.021875
4 0.53671875 0.8 0.02734375 0.0234375
4 0.571875 0.7671875 0.01875 0.028125
4 0.63671875 0.70625 0.02109375 0.03359375
4 0.69375 0.64765625 0.02578125 0.02265625
4 0.3734375 0.68515625 0.02734375 0.0265625
4 0.35078125 0.6234375 0.02890625 0.02265625
4 0.3015625 0.54140625 0.01953125 0.0234375
4 0.4640625 0.5453125 0.0296875 0.028125
4 0.51171875 0.58125 0.02109375 0.0234375
4 0.52578125 0.60390625 0.0359375 0.02421875
4 0.3625 0.91796875 0.01875 0.02265625
4 0.6109375 0.8953125 0.01875 0.01953125
4 0.25078125 0.62421875 0.025 0.025
1 0.32109375 0.30390625 0.08125 0.096875
1 0.1546875 0.28828125 0.09453125 0.09140625
2 0.19453125 0.1515625 0.025 0.02109375
2 0.34921875 0.1390625 0.03671875 0.04375