4 0.64375 0.39765625 0.028125 0.03125
4 0.5875 0.39296875 0.0296875 0.0296875
4 0.7140625 0.3625 0.03046875 0.025
4 0.83359375 0.34609375 0.02578125 0.02734375
4 0.6625 0.35625 0.02421875 0.0265625
4 0.74609375 0.52109375 0.02421875 0.02578125
4 0.7546875 0.5546875 0.02421875 0.02265625
4 0.875 0.721875 0.03125 0.034375
4 0.5703125 0.6859375 0.01953125 0.02734375
4 0.4859375 0.57265625 0.02109375 0.01875
4 0.4234375 0.5484375 0.0171875 0.01796875
4 0.453125 0.53671875 0.01640625 0.0140625
4 0.43046875 0.58515625 0.02109375 0.01953125
4 0.440625 0.62109375 0.01484375 0.0125
4 0.53359375 0.459375 0.0171875 0.021875
4 0.35 0.49609375 0.02109375 0.01875
4 0.33125 0.5703125 0.015625 0.01796875
4 0.38125 0.615625 0.021875 0.02109375
4 0.4046875 0.64453125 0.02265625 0.02265625
4 0.3828125 0.31953125 0.0234375 0.0203125
4 0.43203125 0.4078125 0.01875 0.0140625
4 0.68046875 0.278125 0.0234375 0.02578125
4 0.69453125 0.31796875 0.02265625 0.021875
4 0.71875 0.2296875 0.015625 0.021875
4 0.759375 0.22890625 0.02109375 0.01640625
4 0.63828125 0.14609375 0.02109375 0.0234375
4 0.57734375 0.14609375 0.01640625 0.01875
4 0.58515625 0.17109375 0.0140625 0.015625
4 0.62578125 0.18359375 0.01171875 0.015625
4 0.6234375 0.2375 0.0140625 0.015625
4 0.86640625 0.171875 0.01171875 0.01875
4 0.86796875 0.33046875 0.01875 0.02109375
4 0.5125 0.4984375 0.01015625 0.01640625
4 0.31875 0.1265625 0.015625 0.0140625
4 0.2828125 0.07890625 0.01484375 0.0125
4 0.20390625 0.14140625 0.01328125 0.0140625
0 0.17578125 0.26015625 0.01640625 0.0140625
0 0.22421875 0.284375 0.01015625 0.009375
0 0.2 0.28671875 0.00859375 0.0109375
0 0.29921875 0.3453125 0.0109375 0.009375
0 0.3375 0.38125 0.0109375 0.0109375
0 0.32734375 0.38828125 0.00859375 0.01015625
0 0.2875 0.13359375 0.01484375 0.01328125
0 0.12578125 0.23046875 0.01328125 0.01484375
0 0.084375 0.2796875 0.0109375 0.01640625
0 0.12421875 0.19140625 0.0140625 0.01484375
0 0.26796875 0.2984375 0.0125 0.015625
0 0.228125 0.31171875 0.01328125 0.01328125
4 0.24765625 0.9234375 0.0171875 0.01796875
4 0.18515625 0.96640625 0.015625 0.0140625
4 0.21953125 0.9515625 0.01015625 0.01171875
4 0.21953125 0.9765625 0.0171875 0.01484375
4 0.409375 0.8921875 0.01796875 0.0140625
4 0.446875 0.81875 0.02265625 0.0203125
4 0.54453125 0.934375 0.0140625 0.01796875
4 0.58359375 0.9765625 0.0140625 0.0203125
4 0.5328125 0.97890625 0.009375 0.0109375
4 0.51171875 0.85234375 0.01484375 0.01484375
4 0.49921875 0.8421875 0.01015625 0.0140625
4 0.28515625 0.59296875 0.01953125 0.0171875
4 0.55234375 0.734375 0.015625 0.0203125
4 0.43828125 0.88671875 0.01328125 0.015625
4 0.45859375 0.87265625 0.01171875 0.0109375
4 0.58671875 0.84453125 0.009375 0.0171875
4 0.60546875 0.85703125 0.0125 0.01484375
4 0.16796875 0.509375 0.01796875 0.0140625
4 0.3625 0.99453125 0.015625 0.0109375
4 0.48828125 0.9296875 0.01328125 0.0125
1 0.70625 0.96015625 0.028125 0.028125
4 0.21953125 0.89609375 0.01171875 0.01171875
4 0.15234375 0.93984375 0.01328125 0.015625
4 0.17578125 0.8953125 0.0109375 0.009375
4 0.38125 0.55703125 0.01171875 0.01015625
4 0.32734375 0.4890625 0.01640625 0.02109375
4 0.875 0.0578125 0.02734375 0.02578125
4 0.8921875 0.12265625 0.0171875 0.0203125
0 0.25234375 0.19765625 0.01484375 0.0140625
0 0.228125 0.1375 0.01484375 0.015625
0 0.4515625 0.18046875 0.01875 0.02109375