4 0.45390625 0.384375 0.0234375 0.028125
4 0.5 0.32421875 0.021875 0.025
4 0.53515625 0.25234375 0.021875 0.0203125
4 0.5703125 0.28359375 0.028125 0.0296875
4 0.60234375 0.39609375 0.0203125 0.021875
4 0.6515625 0.46015625 0.021875 0.015625
0 0.4546875 0.08515625 0.025 0.028125
4 0.4984375 0.7296875 0.01875 0.021875
4 0.771875 0.52421875 0.025 0.01875
4 0.759375 0.490625 0.01875 0.021875
4 0.63515625 0.31796875 0.0171875 0.0171875
4 0.69921875 0.43046875 0.01875 0.0203125
4 0.76640625 0.3578125 0.021875 0.01875
4 0.6515625 0.35625 0.028125 0.021875
0 0.184375 0.91796875 0.0234375 0.025
0 0.61953125 0.94609375 0.0234375 0.021875