4 0.73046875 0.2421875 0.0546875 0.05703125
4 0.2625 0.07734375 0.04921875 0.05390625
4 0.76328125 0.3515625 0.0453125 0.0359375
4 0.5046875 0.48671875 0.03515625 0.03984375
4 0.48671875 0.57578125 0.0359375 0.03359375
4 0.44921875 0.50703125 0.02265625 0.02109375
4 0.37890625 0.50546875 0.0265625 0.0234375
4 0.50859375 0.86484375 0.0359375 0.04765625
4 0.375 0.8640625 0.0328125 0.034375
4 0.8578125 0.61171875 0.03203125 0.0328125
4 0.79453125 0.775 0.03125 0.03671875
4 0.6640625 0.83828125 0.03203125 0.025
4 0.43671875 0.37265625 0.0359375 0.0359375
4 0.7875 0.52421875 0.03046875 0.028125
4 0.24453125 0.625 0.028125 0.0296875
4 0.215625 0.57109375 0.025 0.03125