0 0.6859375 0.4375 0.025 0.015625
0 0.70234375 0.40078125 0.025 0.0203125
0 0.54765625 0.46875 0.0265625 0.01875
0 0.41015625 0.4453125 0.015625 0.01875
0 0.4328125 0.4328125 0.021875 0.025
0 0.41640625 0.37734375 0.021875 0.015625
0 0.31328125 0.39609375 0.015625 0.015625
0 0.378125 0.4828125 0.0171875 0.021875
0 0.39765625 0.4703125 0.0171875 0.021875
0 0.45625 0.4921875 0.01875 0.01875
0 0.55078125 0.528125 0.0171875 0.01875
0 0.490625 0.5171875 0.0140625 0.015625
0 0.5875 0.47890625 0.01875 0.015625
0 0.590625 0.45390625 0.0171875 0.015625
0 0.575 0.4453125 0.009375 0.0140625
0 0.66015625 0.42578125 0.01875 0.015625
0 0.66796875 0.4 0.0109375 0.0125
0 0.6203125 0.5359375 0.0125 0.0125
0 0.6765625 0.5375 0.01875 0.0140625
0 0.61328125 0.46875 0.0125 0.0125
0 0.61171875 0.4875 0.0125 0.0140625
0 0.40546875 0.484375 0.0125 0.0140625
0 0.3859375 0.5140625 0.00625 0.0125
0 0.3609375 0.4984375 0.0125 0.0171875
0 0.353125 0.51640625 0.015625 0.0171875
0 0.3390625 0.4453125 0.021875 0.01875
0 0.359375 0.428125 0.0125 0.0125
0 0.390625 0.4328125 0.015625 0.0125
0 0.42109375 0.39609375 0.0125 0.0171875
0 0.36171875 0.35625 0.015625 0.0125
0 0.50703125 0.42421875 0.0125 0.015625
0 0.5078125 0.44140625 0.0125 0.0109375
0 0.54140625 0.44375 0.0125 0.015625
0 0.56640625 0.45625 0.009375 0.015625
0 0.5640625 0.6203125 0.0140625 0.0125
0 0.371875 0.5109375 0.009375 0.009375
0 0.40234375 0.5375 0.009375 0.0125
0 0.46875 0.48046875 0.009375 0.0125
0 0.3109375 0.4484375 0.0109375 0.0125
0 0.33984375 0.47734375 0.0125 0.0125
0 0.35703125 0.46875 0.0125 0.009375