4 0.33671875 0.490625 0.02578125 0.03671875
4 0.41484375 0.4625 0.02265625 0.02734375
4 0.55859375 0.6578125 0.0375 0.03515625
4 0.621875 0.48671875 0.02421875 0.02421875
4 0.60390625 0.65859375 0.0265625 0.03125
4 0.61484375 0.70625 0.0296875 0.02890625
4 0.60234375 0.840625 0.01875 0.02578125
4 0.565625 0.834375 0.0140625 0.0203125
4 0.62109375 0.8765625 0.01953125 0.01796875
4 0.81875 0.96171875 0.01875 0.01953125
4 0.37734375 0.775 0.03125 0.0234375
4 0.56171875 0.7203125 0.01875 0.02578125
4 0.45625 0.465625 0.0171875 0.0234375