4 0.4015625 0.49921875 0.02734375 0.0203125
4 0.38671875 0.53203125 0.034375 0.03203125
4 0.46171875 0.48359375 0.025 0.0296875
4 0.32421875 0.41875 0.028125 0.01875
4 0.37265625 0.403125 0.0234375 0.02890625
4 0.634375 0.46796875 0.02109375 0.025
1 0.7984375 0.8171875 0.03671875 0.04453125
4 0.67578125 0.4984375 0.0203125 0.01953125
4 0.33203125 0.19921875 0.025 0.03046875
4 0.39296875 0.225 0.0265625 0.028125
4 0.43984375 0.396875 0.0234375 0.02890625
4 0.58359375 0.625 0.01875 0.01953125
4 0.7828125 0.875 0.01328125 0.02109375
4 0.76015625 0.88046875 0.01328125 0.01875
4 0.7 0.88828125 0.0140625 0.0140625
4 0.8828125 0.9375 0.01953125 0.01640625
4 0.84765625 0.96640625 0.01171875 0.01484375
4 0.88671875 0.99453125 0.0171875 0.0109375
4 0.85 0.9953125 0.01875 0.009375