4 0.52578125 0.0671875 0.0359375 0.0328125
4 0.740625 0.3375 0.034375 0.03125
4 0.80546875 0.27734375 0.025 0.03125
4 0.8078125 0.59765625 0.021875 0.021875
4 0.47265625 0.31171875 0.034375 0.03125
4 0.9703125 0.40625 0.03125 0.03125
4 0.91015625 0.38203125 0.0265625 0.0265625
4 0.646875 0.3921875 0.0328125 0.028125
4 0.75546875 0.4953125 0.021875 0.021875
4 0.70546875 0.33828125 0.025 0.021875
4 0.865625 0.17265625 0.021875 0.025
3 0.490625 0.41328125 0.0515625 0.040625
2 0.39765625 0.23203125 0.040625 0.0375
0 0.34140625 0.7265625 0.0265625 0.028125