4 0.45625 0.58671875 0.0234375 0.028125
4 0.584375 0.6921875 0.0453125 0.0375
4 0.53359375 0.76484375 0.03125 0.0296875
4 0.3875 0.54921875 0.04375 0.0359375
4 0.55625 0.528125 0.025 0.0265625
4 0.33515625 0.2109375 0.03125 0.028125
4 0.4484375 0.78671875 0.025 0.0203125
4 0.50625 0.89609375 0.01875 0.0234375
4 0.5984375 0.89140625 0.0234375 0.01875
4 0.54453125 0.9671875 0.021875 0.025
4 0.83203125 0.38984375 0.0328125 0.028125
4 0.79140625 0.3296875 0.0375 0.025
4 0.74296875 0.44296875 0.025 0.025
4 0.7140625 0.69765625 0.028125 0.0171875
4 0.55078125 0.5703125 0.0265625 0.025
4 0.62578125 0.71875 0.01875 0.021875
4 0.46328125 0.48984375 0.0296875 0.021875
4 0.515625 0.31328125 0.021875 0.0203125
4 0.665625 0.51796875 0.021875 0.015625
4 0.6984375 0.5703125 0.01875 0.0125
4 0.66875 0.478125 0.025 0.015625