4 0.46328125 0.859375 0.034375 0.034375
4 0.4265625 0.8578125 0.028125 0.0328125
4 0.50234375 0.6 0.0390625 0.034375
4 0.740625 0.40234375 0.028125 0.0375
4 0.7734375 0.5390625 0.0265625 0.03125
4 0.6390625 0.50546875 0.03125 0.034375
4 0.62109375 0.4421875 0.028125 0.028125
4 0.56875 0.23828125 0.03125 0.028125
2 0.86953125 0.546875 0.065625 0.065625
4 0.64140625 0.2015625 0.03125 0.03125
4 0.6515625 0.07890625 0.0296875 0.021875
4 0.60703125 0.08828125 0.0234375 0.0234375
4 0.64453125 0.1703125 0.021875 0.025
4 0.69296875 0.14296875 0.0265625 0.021875
4 0.7890625 0.265625 0.03125 0.025
4 0.08046875 0.59140625 0.021875 0.025
4 0.075 0.5484375 0.021875 0.03125
4 0.04140625 0.5484375 0.0296875 0.0296875
4 0.0671875 0.50390625 0.025 0.0234375
4 0.00859375 0.5890625 0.0171875 0.01875
4 0.06796875 0.46484375 0.028125 0.03125
4 0.1875 0.1140625 0.021875 0.03125