4 0.615625 0.45390625 0.028125 0.0234375
4 0.67578125 0.5 0.025 0.021875
4 0.74765625 0.53515625 0.0203125 0.021875
4 0.71640625 0.5703125 0.0296875 0.028125
4 0.60390625 0.60234375 0.021875 0.0203125
4 0.53984375 0.6515625 0.015625 0.021875
0 0.91484375 0.4546875 0.028125 0.025
4 0.2703125 0.4984375 0.021875 0.01875
4 0.47578125 0.771875 0.01875 0.025
4 0.509375 0.759375 0.021875 0.01875
4 0.68203125 0.63515625 0.0171875 0.0171875
4 0.56953125 0.69921875 0.0203125 0.01875
4 0.6421875 0.76640625 0.01875 0.021875
4 0.64375 0.6515625 0.021875 0.028125
0 0.08203125 0.184375 0.025 0.0234375
0 0.05390625 0.61953125 0.021875 0.0234375