4 0.4765625 0.7734375 0.02421875 0.02265625
4 0.5421875 0.77109375 0.0203125 0.0203125
4 0.59453125 0.7265625 0.02265625 0.02265625
4 0.6703125 0.61484375 0.02109375 0.01796875
4 0.590625 0.6953125 0.02421875 0.02421875
4 0.47265625 0.66484375 0.0203125 0.01796875
4 0.52890625 0.678125 0.01875 0.015625
4 0.4640625 0.7265625 0.02109375 0.0171875
4 0.31796875 0.59375 0.0234375 0.02734375
4 0.27265625 0.65234375 0.0234375 0.02578125
4 0.2703125 0.55 0.02578125 0.0203125
4 0.3984375 0.48671875 0.01953125 0.0234375
4 0.5859375 0.3375 0.0203125 0.025
4 0.6515625 0.53125 0.028125 0.02578125
4 0.49921875 0.6203125 0.025 0.02421875
4 0.36015625 0.63515625 0.0234375 0.028125
4 0.35390625 0.68359375 0.02421875 0.021875
4 0.12421875 0.7625 0.02109375 0.02265625
4 0.45234375 0.85 0.025 0.02578125
4 0.359375 0.978125 0.01796875 0.0203125
4 0.484375 0.359375 0.021875 0.0234375
4 0.57265625 0.59921875 0.02109375 0.02421875
4 0.61640625 0.66171875 0.028125 0.021875
4 0.52578125 0.5953125 0.02109375 0.02734375
4 0.41640625 0.61875 0.02265625 0.0203125
4 0.546875 0.4484375 0.02421875 0.02421875
4 0.371875 0.4390625 0.02890625 0.0265625
4 0.28359375 0.5046875 0.025 0.021875
4 0.43515625 0.64765625 0.0234375 0.02421875
4 0.21953125 0.7203125 0.0265625 0.0234375