2 0.29765625 0.5046875 0.040625 0.0359375
4 0.30546875 0.2609375 0.028125 0.028125
4 0.728125 0.37421875 0.0390625 0.0265625
4 0.79453125 0.39921875 0.028125 0.028125
4 0.85703125 0.5109375 0.025 0.021875
4 0.7640625 0.44453125 0.025 0.01875
4 0.65703125 0.44453125 0.028125 0.025
4 0.1171875 0.3546875 0.028125 0.028125
4 0.92109375 0.21484375 0.0171875 0.01875
4 0.9625 0.5453125 0.028125 0.0265625
4 0.83984375 0.459375 0.0265625 0.03125
4 0.90546875 0.45625 0.0375 0.0296875
4 0.77578125 0.18046875 0.028125 0.0265625
4 0.82265625 0.17109375 0.03125 0.01875
4 0.6671875 0.4984375 0.028125 0.0296875
0 0.70390625 0.34765625 0.0265625 0.0234375
0 0.92265625 0.1390625 0.01875 0.021875