4 0.83671875 0.51953125 0.03515625 0.03515625
4 0.74453125 0.47421875 0.0203125 0.025
4 0.734375 0.4390625 0.0203125 0.0234375
4 0.7015625 0.5234375 0.0171875 0.02109375
4 0.6578125 0.53671875 0.021875 0.01796875
4 0.63984375 0.59375 0.01484375 0.02109375
4 0.71484375 0.56328125 0.01484375 0.0203125
4 0.47578125 0.615625 0.0171875 0.01796875
4 0.42578125 0.65078125 0.01953125 0.01875
4 0.56875 0.640625 0.0125 0.0171875
4 0.59375 0.57578125 0.01171875 0.01796875
4 0.6078125 0.48828125 0.01875 0.01875
4 0.5140625 0.5625 0.01484375 0.01875
4 0.6140625 0.4171875 0.0171875 0.0171875
4 0.6671875 0.48203125 0.0125 0.01640625
4 0.83125 0.57265625 0.0109375 0.01484375
4 0.834375 0.61015625 0.0109375 0.01484375
4 0.571875 0.771875 0.01953125 0.015625
4 0.63125 0.78515625 0.0140625 0.01484375
4 0.58671875 0.69609375 0.0109375 0.0109375
4 0.6046875 0.70546875 0.009375 0.0109375
4 0.61953125 0.70234375 0.00859375 0.01171875
4 0.62890625 0.51484375 0.0078125 0.00859375
4 0.8078125 0.52421875 0.00859375 0.01171875
4 0.7828125 0.52578125 0.0109375 0.015625
4 0.73828125 0.6421875 0.009375 0.0109375