4 0.859375 0.53671875 0.03515625 0.034375
4 0.8578125 0.5734375 0.0328125 0.02890625
4 0.6 0.49765625 0.03515625 0.0390625
4 0.40234375 0.259375 0.0375 0.028125
4 0.5390625 0.2265625 0.03203125 0.0265625
4 0.50546875 0.3609375 0.03515625 0.03203125
4 0.4421875 0.37890625 0.02890625 0.02890625
4 0.23828125 0.43125 0.02890625 0.03203125
2 0.546875 0.13046875 0.06640625 0.06640625
4 0.2015625 0.35859375 0.03203125 0.03046875
4 0.07890625 0.3484375 0.02109375 0.0296875
4 0.08828125 0.39296875 0.0234375 0.0234375
4 0.1703125 0.35546875 0.02578125 0.02265625
4 0.14296875 0.30703125 0.021875 0.0265625
4 0.265625 0.2109375 0.02421875 0.03046875
4 0.59140625 0.91953125 0.025 0.021875
4 0.5484375 0.925 0.03046875 0.021875
4 0.5484375 0.95859375 0.0296875 0.0296875
4 0.50390625 0.9328125 0.0234375 0.025
4 0.5890625 0.99140625 0.01953125 0.0171875
4 0.46484375 0.93203125 0.03203125 0.02890625
4 0.1140625 0.8125 0.03125 0.02265625
4 0.70078125 0.934375 0.00078125 0.0015625