4 0.4734375 0.4890625 0.0375 0.034375
4 0.4140625 0.509375 0.03125 0.0296875
4 0.39765625 0.4203125 0.0296875 0.034375
4 0.30859375 0.40546875 0.025 0.0359375
4 0.2109375 0.46875 0.0296875 0.028125
4 0.2390625 0.5203125 0.03125 0.025
4 0.30078125 0.55234375 0.025 0.028125
4 0.284375 0.59765625 0.0328125 0.025
4 0.23671875 0.64140625 0.028125 0.021875
4 0.09140625 0.7171875 0.0375 0.03125
4 0.25546875 0.69765625 0.028125 0.025
4 0.33125 0.65 0.034375 0.0375
4 0.734375 0.540625 0.03125 0.0359375
4 0.8234375 0.653125 0.025 0.0375
4 0.4734375 0.69296875 0.028125 0.034375
4 0.57421875 0.4703125 0.0265625 0.03125
4 0.4046875 0.61484375 0.04375 0.040625
4 0.20546875 0.84375 0.03125 0.03125
4 0.3828125 0.3921875 0.025 0.021875
4 0.5578125 0.66953125 0.0203125 0.025
4 0.9171875 0.64375 0.0359375 0.034375
4 0.375 0.3578125 0.0375 0.025