4 0.51640625 0.271875 0.04375 0.04375
4 0.40625 0.3171875 0.034375 0.0296875
4 0.80625 0.53671875 0.03046875 0.0234375
4 0.3375 0.30390625 0.0203125 0.01953125
4 0.41015625 0.43125 0.02109375 0.01484375
4 0.4859375 0.5203125 0.01796875 0.0171875
4 0.49296875 0.57578125 0.0171875 0.021875
4 0.54140625 0.53515625 0.0171875 0.0171875
4 0.38046875 0.5359375 0.01640625 0.015625
4 0.4984375 0.63515625 0.0171875 0.0140625
4 0.53828125 0.59296875 0.015625 0.01796875
4 0.49609375 0.4765625 0.01953125 0.0171875
4 0.67109375 0.38984375 0.01640625 0.01796875