3 0.66015625 0.43203125 0.071875 0.071875
3 0.85234375 0.5390625 0.05625 0.05
4 0.4265625 0.66953125 0.021875 0.021875
4 0.8 0.46328125 0.0234375 0.028125
4 0.7671875 0.428125 0.028125 0.01875
4 0.70625 0.36328125 0.034375 0.021875
4 0.64765625 0.30625 0.021875 0.025
4 0.68515625 0.6265625 0.0265625 0.028125
4 0.6234375 0.64921875 0.021875 0.028125
4 0.54140625 0.6984375 0.0234375 0.01875
4 0.5453125 0.5359375 0.028125 0.0296875
4 0.58125 0.48828125 0.0234375 0.021875
4 0.60390625 0.47421875 0.025 0.0359375
4 0.91796875 0.6375 0.021875 0.01875
4 0.8953125 0.3890625 0.01875 0.01875
4 0.62421875 0.74921875 0.025 0.025
1 0.30390625 0.67890625 0.096875 0.08125
1 0.28828125 0.8453125 0.090625 0.0953125
2 0.1515625 0.80546875 0.021875 0.025
2 0.1390625 0.65078125 0.04375 0.0375