4 0.72578125 0.359375 0.0296875 0.03671875
4 0.4984375 0.31015625 0.046875 0.040625
4 0.4609375 0.25546875 0.040625 0.03359375
4 0.61484375 0.1765625 0.034375 0.03359375
4 0.38671875 0.2125 0.0453125 0.03046875
4 0.69140625 0.3671875 0.0296875 0.0328125
4 0.11953125 0.90390625 0.03359375 0.034375
4 0.2359375 0.88046875 0.03359375 0.0265625
4 0.09453125 0.765625 0.03828125 0.0296875
0 0.2859375 0.575 0.03125 0.0375
0 0.36796875 0.65546875 0.0203125 0.028125
0 0.60859375 0.55703125 0.04375 0.0375
0 0.98203125 0.346875 0.0359375 0.03046875