4 0.86640625 0.55546875 0.028125 0.02265625
4 0.84609375 0.62578125 0.02421875 0.025
4 0.73828125 0.3359375 0.0265625 0.02734375
4 0.71953125 0.38671875 0.025 0.01953125
4 0.70234375 0.41875 0.01953125 0.02421875
4 0.74375 0.47734375 0.021875 0.01796875
4 0.803125 0.5453125 0.02265625 0.02734375
4 0.6421875 0.4140625 0.01875 0.01796875
4 0.67734375 0.38359375 0.01796875 0.01953125
4 0.6875 0.27734375 0.01953125 0.0203125
4 0.834375 0.45625 0.0171875 0.015625
4 0.79609375 0.46484375 0.0203125 0.0203125
4 0.7578125 0.453125 0.02109375 0.0203125
4 0.740625 0.409375 0.0203125 0.02109375
4 0.52265625 0.54296875 0.02421875 0.01640625
4 0.77265625 0.33984375 0.0171875 0.02265625
4 0.68359375 0.34453125 0.01875 0.021875
4 0.5546875 0.3484375 0.01953125 0.0203125
4 0.746875 0.54765625 0.02421875 0.02578125
4 0.765625 0.4109375 0.01640625 0.0171875
4 0.77265625 0.43984375 0.01640625 0.01796875
4 0.80859375 0.440625 0.01953125 0.01484375
4 0.4578125 0.67578125 0.025 0.01953125
4 0.43046875 0.6 0.01953125 0.015625
4 0.41953125 0.63828125 0.015625 0.0171875
4 0.65546875 0.3046875 0.0171875 0.01796875
4 0.64921875 0.334375 0.01875 0.01875
4 0.64921875 0.23203125 0.01640625 0.01953125