4 0.49921875 0.5984375 0.0203125 0.028125
4 0.53203125 0.61328125 0.03125 0.034375
4 0.48359375 0.53828125 0.0296875 0.025
4 0.41875 0.67578125 0.01875 0.028125
4 0.403125 0.62734375 0.028125 0.0234375
4 0.46796875 0.365625 0.025 0.021875
1 0.8171875 0.2015625 0.04375 0.0375
4 0.4984375 0.32421875 0.01875 0.0203125
4 0.19921875 0.66796875 0.03125 0.025
4 0.225 0.60703125 0.028125 0.0265625
4 0.396875 0.56015625 0.028125 0.0234375
4 0.625 0.41640625 0.01875 0.01875
4 0.875 0.2171875 0.021875 0.0125
4 0.88046875 0.23984375 0.01875 0.0125
4 0.88828125 0.3 0.0140625 0.0140625
4 0.9375 0.1171875 0.015625 0.01875
4 0.96640625 0.15234375 0.015625 0.0125
4 0.99453125 0.11328125 0.0109375 0.0171875
4 0.9953125 0.15 0.009375 0.01875