4 0.4390625 0.1828125 0.03046875 0.03125
4 0.428125 0.26328125 0.02421875 0.0171875
4 0.43671875 0.2890625 0.03359375 0.02890625
4 0.4875 0.0125 0.02890625 0.02265625
4 0.58671875 0.13671875 0.01640625 0.02421875
4 0.56015625 0.17421875 0.02109375 0.02109375
4 0.88203125 0.23125 0.01875 0.025
4 0.75078125 0.34453125 0.0328125 0.03046875
4 0.753125 0.390625 0.021875 0.01953125
4 0.50625 0.36875 0.02109375 0.02109375
4 0.31484375 0.2125 0.02109375 0.025
4 0.7375 0.3171875 0.01953125 0.01875
4 0.31953125 0.08125 0.01953125 0.01875
4 0.32734375 0.1 0.02578125 0.01796875
2 0.6484375 0.4390625 0.04609375 0.05390625
0 0.59296875 0.396875 0.021875 0.02109375
1 0.36796875 0.3078125 0.0671875 0.0875