4 0.48828125 0.6015625 0.025 0.0265625
4 0.67109375 0.76328125 0.0375 0.034375
4 0.42265625 0.640625 0.0265625 0.028125
4 0.8328125 0.803125 0.03125 0.0296875
4 0.93984375 0.65390625 0.03125 0.025
4 0.49140625 0.4125 0.025 0.0265625
2 0.6640625 0.6140625 0.0453125 0.046875
2 0.5546875 0.66171875 0.0375 0.03125
0 0.378125 0.31875 0.021875 0.025
0 0.42890625 0.40859375 0.01875 0.015625
0 0.34375 0.428125 0.01875 0.015625
0 0.3390625 0.38828125 0.0203125 0.0171875
0 0.29375 0.39296875 0.0234375 0.025
0 0.6140625 0.44140625 0.015625 0.0171875
0 0.5 0.34453125 0.015625 0.01875
0 0.39453125 0.3984375 0.0109375 0.015625
0 0.403125 0.4703125 0.021875 0.01875
0 0.61484375 0.5125 0.0203125 0.015625