0 0.45 0.278125 0.01875 0.0203125
0 0.403125 0.2625 0.0171875 0.0140625
0 0.4078125 0.221875 0.0140625 0.01875
0 0.30546875 0.24921875 0.0140625 0.0140625
0 0.3203125 0.353125 0.01875 0.0140625
0 0.29921875 0.3578125 0.021875 0.01875
0 0.6671875 0.27109375 0.01875 0.01875
0 0.67421875 0.184375 0.0171875 0.009375
0 0.45859375 0.328125 0.015625 0.021875
0 0.4171875 0.33984375 0.015625 0.021875
0 0.48203125 0.3546875 0.0171875 0.015625
0 0.4921875 0.31484375 0.0171875 0.015625
0 0.74375 0.2875 0.025 0.01875
0 0.74453125 0.259375 0.0234375 0.015625
0 0.4953125 0.39140625 0.015625 0.0203125
0 0.33359375 0.3890625 0.01875 0.0171875
0 0.38125 0.34609375 0.01875 0.021875
0 0.37734375 0.221875 0.009375 0.009375
0 0.3703125 0.20546875 0.0125 0.009375
0 0.4359375 0.30546875 0.015625 0.01875
0 0.4 0.290625 0.0203125 0.025
0 0.33203125 0.265625 0.0109375 0.015625
0 0.2984375 0.2703125 0.015625 0.01875
0 0.70546875 0.29765625 0.0125 0.015625
0 0.63515625 0.31875 0.0140625 0.015625
0 0.63203125 0.33828125 0.01875 0.015625
0 0.5796875 0.33359375 0.0171875 0.0125
0 0.54375 0.3328125 0.01875 0.0140625
0 0.55234375 0.37109375 0.01875 0.01875
0 0.38046875 0.41796875 0.015625 0.0171875
0 0.3140625 0.328125 0.015625 0.015625
0 0.83046875 0.19375 0.015625 0.0125
0 0.88046875 0.17734375 0.015625 0.015625
0 0.84609375 0.17265625 0.0171875 0.015625
0 0.84140625 0.15390625 0.01875 0.0140625
0 0.765625 0.16015625 0.0203125 0.01875
0 0.47890625 0.5765625 0.021875 0.0171875
0 0.496875 0.540625 0.015625 0.021875