4 0.9359375 0.221875 0.03125 0.0359375
4 0.8828125 0.3515625 0.025 0.021875
4 0.25078125 0.465625 0.0234375 0.03125
4 0.28984375 0.4125 0.0328125 0.028125
4 0.359375 0.65703125 0.01875 0.0234375
4 0.27578125 0.6203125 0.021875 0.025
4 0.146875 0.62265625 0.015625 0.01875
4 0.39375 0.67421875 0.01875 0.0203125
4 0.41875 0.67890625 0.015625 0.025
4 0.4171875 0.865625 0.021875 0.01875
4 0.88046875 0.51796875 0.028125 0.025
2 0.86328125 0.28125 0.03125 0.028125
0 0.45078125 0.8421875 0.0265625 0.021875
2 0.3140625 0.46328125 0.025 0.034375
4 0.1765625 0.94296875 0.0203125 0.021875
4 0.20078125 0.82578125 0.03125 0.025
4 0.3609375 0.521875 0.025 0.021875