4 0.63125 0.5390625 0.02734375 0.0265625
4 0.6671875 0.50546875 0.02421875 0.02578125
4 0.725 0.44375 0.0234375 0.028125
4 0.69296875 0.4109375 0.02265625 0.02890625
4 0.60546875 0.409375 0.02890625 0.02734375
4 0.5734375 0.5640625 0.0265625 0.025
4 0.3921875 0.42109375 0.02421875 0.025
4 0.634375 0.72890625 0.02890625 0.03046875
4 0.45390625 0.73671875 0.03359375 0.02734375
4 0.08359375 0.7859375 0.0265625 0.0234375
4 0.28125 0.80078125 0.01953125 0.0203125
4 0.1875 0.3421875 0.034375 0.025
4 0.4546875 0.31875 0.025 0.025
4 0.5578125 0.3796875 0.01875 0.0171875
4 0.9015625 0.375 0.028125 0.03046875
4 0.71484375 0.76171875 0.0265625 0.02578125
4 0.5875 0.8515625 0.025 0.0203125
4 0.53828125 0.8734375 0.0265625 0.021875
4 0.7046875 0.309375 0.02109375 0.02265625
4 0.8328125 0.27578125 0.01875 0.03046875
4 0.08671875 0.30234375 0.03125 0.0234375