4 0.52265625 0.4984375 0.05 0.06875
4 0.42734375 0.45546875 0.034375 0.040625
4 0.38125 0.50703125 0.04453125 0.046875
4 0.23828125 0.55390625 0.0375 0.0390625
4 0.19765625 0.33359375 0.040625 0.03359375
4 0.64296875 0.265625 0.040625 0.03359375
4 0.60078125 0.51015625 0.04765625 0.0375
4 0.57890625 0.53515625 0.03984375 0.03671875
4 0.2828125 0.66796875 0.03671875 0.02890625
4 0.5140625 0.71875 0.04921875 0.04609375
4 0.903125 0.9015625 0.02890625 0.03359375
4 0.60546875 0.82734375 0.025 0.03359375
4 0.7453125 0.87109375 0.03125 0.0265625
4 0.2296875 0.76875 0.0328125 0.0328125
4 0.4078125 0.76796875 0.02578125 0.02578125
4 0.1890625 0.5375 0.0453125 0.05078125
4 0.6390625 0.709375 0.021875 0.03125