4 0.4921875 0.41953125 0.0203125 0.02734375
4 0.43203125 0.496875 0.02109375 0.0265625
4 0.59296875 0.4890625 0.025 0.0265625
4 0.72578125 0.50390625 0.0234375 0.0265625
4 0.6734375 0.603125 0.02421875 0.02265625
4 0.46171875 0.721875 0.028125 0.0265625
4 0.4390625 0.65703125 0.02421875 0.0265625
4 0.3734375 0.94453125 0.02734375 0.025
4 0.61640625 0.75546875 0.02734375 0.02265625
4 0.41875 0.5484375 0.021875 0.02734375
4 0.521875 0.3578125 0.0203125 0.02578125
4 0.7078125 0.3921875 0.01796875 0.025
4 0.68515625 0.44375 0.01328125 0.015625
4 0.52578125 0.453125 0.02109375 0.021875
4 0.4328125 0.39921875 0.0203125 0.015625
4 0.51484375 0.5765625 0.02265625 0.0234375
4 0.4703125 0.35546875 0.02109375 0.0234375
4 0.09453125 0.31796875 0.028125 0.0234375
4 0.8921875 0.5171875 0.01953125 0.01875
4 0.8453125 0.61171875 0.01875 0.02265625