4 0.078125 0.65 0.0375 0.0375
4 0.390625 0.55234375 0.03125 0.0390625
4 0.44296875 0.5953125 0.04375 0.034375
4 0.56953125 0.63203125 0.040625 0.0296875
4 0.5109375 0.31875 0.046875 0.0359375
4 0.2375 0.31328125 0.0359375 0.034375
4 0.28203125 0.26953125 0.0375 0.021875
4 0.1703125 0.1640625 0.03125 0.0296875
4 0.715625 0.77109375 0.0359375 0.0375
4 0.7140625 0.85234375 0.040625 0.0375
4 0.64375 0.7734375 0.028125 0.0375
4 0.6328125 0.69765625 0.034375 0.03125
4 0.85859375 0.721875 0.034375 0.03125
4 0.4703125 0.48359375 0.040625 0.03125
4 0.33671875 0.2265625 0.0484375 0.0375
4 0.40234375 0.3 0.046875 0.0359375
4 0.1 0.51640625 0.028125 0.021875
4 0.1484375 0.4796875 0.025 0.025
4 0.109375 0.47734375 0.028125 0.021875
4 0.4171875 0.43203125 0.0171875 0.028125
4 0.3390625 0.38515625 0.025 0.0328125
4 0.22890625 0.375 0.028125 0.0265625