4 0.56640625 0.7296875 0.0359375 0.0375
4 0.303125 0.54296875 0.0296875 0.0296875
4 0.125 0.6375 0.0359375 0.040625
4 0.27890625 0.80859375 0.0328125 0.0375
4 0.45703125 0.69453125 0.03125 0.0375
4 0.6265625 0.14609375 0.046875 0.053125
4 0.58515625 0.30546875 0.034375 0.0453125
4 0.51875 0.67421875 0.028125 0.025
4 0.465625 0.62890625 0.03125 0.0328125
4 0.4 0.6265625 0.025 0.025
4 0.91484375 0.71796875 0.028125 0.034375
4 0.40546875 0.70625 0.0234375 0.025
4 0.2921875 0.92890625 0.028125 0.028125
4 0.13203125 0.809375 0.03125 0.028125
4 0.4984375 0.853125 0.0328125 0.025
4 0.19296875 0.1453125 0.03125 0.025
4 0.4953125 0.71015625 0.021875 0.025