4 0.4984375 0.47734375 0.06875 0.05
4 0.45546875 0.57265625 0.040625 0.034375
4 0.50703125 0.61875 0.046875 0.04375
4 0.55390625 0.76171875 0.0390625 0.0375
4 0.33359375 0.80234375 0.034375 0.040625
4 0.265625 0.35703125 0.034375 0.040625
4 0.51015625 0.39921875 0.0375 0.046875
4 0.53515625 0.42109375 0.0375 0.040625
4 0.66796875 0.7171875 0.028125 0.0375
4 0.71875 0.4859375 0.046875 0.05
4 0.9015625 0.096875 0.034375 0.028125
4 0.82734375 0.39453125 0.034375 0.025
4 0.87109375 0.2546875 0.0265625 0.03125
4 0.76875 0.7703125 0.0328125 0.0328125
4 0.76796875 0.5921875 0.025 0.025
4 0.5375 0.8109375 0.05 0.0453125
4 0.709375 0.3609375 0.03125 0.021875