4 0.5609375 0.8171875 0.03125 0.03125
4 0.571875 0.73671875 0.025 0.0171875
4 0.56328125 0.7109375 0.034375 0.028125
4 0.5125 0.9875 0.028125 0.021875
4 0.41328125 0.86328125 0.0171875 0.025
4 0.43984375 0.82578125 0.021875 0.021875
4 0.11796875 0.76875 0.01875 0.025
4 0.24921875 0.65546875 0.0328125 0.03125
4 0.246875 0.609375 0.021875 0.01875
4 0.49375 0.63125 0.021875 0.021875
4 0.68515625 0.7875 0.021875 0.025
4 0.2625 0.6828125 0.0203125 0.01875
4 0.68046875 0.91875 0.01875 0.01875
4 0.67265625 0.9 0.025 0.01875
2 0.3515625 0.5609375 0.046875 0.053125
0 0.40703125 0.603125 0.021875 0.021875
1 0.63203125 0.6921875 0.0671875 0.0875