4 0.6328125 0.77109375 0.046875 0.03203125
4 0.50625 0.61640625 0.03984375 0.03359375
4 0.275 0.4875 0.02421875 0.02265625
4 0.3125 0.9359375 0.025 0.02109375
4 0.69375 0.85 0.021875 0.01640625
4 0.67265625 0.92890625 0.01640625 0.01796875
4 0.5140625 0.71953125 0.02578125 0.0234375
0 0.2546875 0.58125 0.02578125 0.02109375
4 0.92578125 0.5546875 0.0265625 0.02578125
4 0.4125 0.62578125 0.02265625 0.0203125
4 0.76171875 0.94765625 0.01484375 0.01796875
4 0.4828125 0.8625 0.02109375 0.02265625
4 0.92265625 0.96796875 0.021875 0.01640625