4 0.3 0.68359375 0.021875 0.028125
4 0.65390625 0.55390625 0.025 0.025
4 0.7328125 0.68671875 0.025 0.028125
4 0.8828125 0.32578125 0.0234375 0.025
4 0.696875 0.6109375 0.0328125 0.025
4 0.34296875 0.425 0.028125 0.034375
0 0.4265625 0.82265625 0.025 0.021875
0 0.36796875 0.7984375 0.01875 0.0203125
0 0.36640625 0.72890625 0.025 0.025
2 0.96015625 0.4171875 0.025 0.0265625
2 0.8796875 0.48984375 0.0265625 0.0265625
2 0.81328125 0.775 0.0234375 0.028125
2 0.95859375 0.7140625 0.0328125 0.0296875
4 0.5609375 0.603125 0.0125 0.015625
4 0.50390625 0.6375 0.01875 0.01875
0 0.459375 0.08125 0.015625 0.0140625
0 0.43046875 0.0921875 0.009375 0.009375
0 0.44453125 0.059375 0.0140625 0.0125
0 0.4203125 0.034375 0.015625 0.0125
0 0.39375 0.0390625 0.0125 0.0125
0 0.371875 0.03984375 0.015625 0.015625