2 0.33671875 0.9515625 0.059375 0.04453125
4 0.690625 0.5515625 0.02109375 0.03671875
4 0.62421875 0.44609375 0.025 0.03671875
4 0.51484375 0.4484375 0.0234375 0.02109375
4 0.390625 0.74296875 0.02265625 0.02109375
4 0.4625 0.6140625 0.02890625 0.025
4 0.73359375 0.51953125 0.0203125 0.0296875
4 0.6109375 0.634375 0.0203125 0.02265625
4 0.33359375 0.21875 0.0359375 0.02890625
4 0.0515625 0.325 0.028125 0.01796875
4 0.034375 0.33515625 0.025 0.02421875
4 0.1078125 0.33125 0.02421875 0.01640625
0 0.3203125 0.6609375 0.0265625 0.0171875
0 0.58359375 0.7890625 0.028125 0.02421875
0 0.55859375 0.7921875 0.0296875 0.025