4 0.36875 0.4609375 0.028125 0.0265625
4 0.3328125 0.49453125 0.025 0.025
4 0.275 0.55625 0.0234375 0.028125
4 0.30703125 0.5890625 0.021875 0.028125
4 0.39453125 0.590625 0.028125 0.028125
4 0.4265625 0.4359375 0.0265625 0.025
4 0.6078125 0.57890625 0.025 0.025
4 0.365625 0.27109375 0.028125 0.03125
4 0.54609375 0.26328125 0.034375 0.028125
4 0.91640625 0.2140625 0.0265625 0.0234375
4 0.71875 0.19921875 0.01875 0.0203125
4 0.8125 0.6578125 0.034375 0.025
4 0.5453125 0.68125 0.025 0.025
4 0.4421875 0.6203125 0.01875 0.0171875
4 0.0984375 0.625 0.028125 0.03125
4 0.28515625 0.23828125 0.0265625 0.025
4 0.4125 0.1484375 0.025 0.0203125
4 0.46171875 0.1265625 0.0265625 0.021875
4 0.2953125 0.690625 0.021875 0.021875
4 0.1671875 0.72421875 0.01875 0.03125
4 0.91328125 0.69765625 0.03125 0.0234375