3 0.609375 0.45234375 0.05 0.0671875
2 0.6796875 0.5875 0.046875 0.0421875
2 0.66875 0.69296875 0.0359375 0.040625
0 0.59140625 0.7046875 0.0140625 0.01875
0 0.4015625 0.6921875 0.028125 0.0296875
4 0.35 0.74921875 0.0234375 0.0234375
4 0.2890625 0.77109375 0.021875 0.021875
4 0.29453125 0.73046875 0.021875 0.0234375
4 0.45390625 0.759375 0.0265625 0.025
0 0.46171875 0.675 0.0171875 0.021875
0 0.50078125 0.615625 0.015625 0.021875
0 0.33203125 0.62578125 0.01875 0.0203125
0 0.2890625 0.60703125 0.021875 0.01875
0 0.2859375 0.2765625 0.03125 0.025
1 0.60078125 0.8703125 0.0734375 0.0765625
4 0.75859375 0.28828125 0.021875 0.034375
4 0.53125 0.09921875 0.028125 0.025