4 0.5546875 0.409375 0.0203125 0.0234375
4 0.59609375 0.46328125 0.021875 0.0203125
4 0.56015625 0.49453125 0.0125 0.015625
4 0.553125 0.4796875 0.0125 0.015625
4 0.5328125 0.48359375 0.0125 0.015625
4 0.52734375 0.421875 0.015625 0.0171875
4 0.48046875 0.43828125 0.0203125 0.01875
4 0.45078125 0.51484375 0.0125 0.015625
4 0.6265625 0.4859375 0.0125 0.0125
4 0.384375 0.54453125 0.015625 0.015625
4 0.34296875 0.59921875 0.0171875 0.015625
4 0.4234375 0.51640625 0.015625 0.0171875
4 0.4796875 0.50625 0.009375 0.009375
4 0.46171875 0.48125 0.009375 0.0125
4 0.4515625 0.459375 0.0140625 0.015625
4 0.42578125 0.47421875 0.009375 0.0109375
4 0.49375 0.48046875 0.0109375 0.0125
4 0.5171875 0.51953125 0.009375 0.00625
4 0.50859375 0.51015625 0.009375 0.0109375
4 0.48828125 0.51484375 0.009375 0.009375
4 0.4796875 0.52265625 0.009375 0.0078125
4 0.57890625 0.46875 0.0109375 0.0125
4 0.56484375 0.475 0.009375 0.0109375
4 0.5703125 0.5078125 0.0109375 0.0125
4 0.55 0.38203125 0.0140625 0.015625
4 0.2734375 0.6265625 0.015625 0.0140625
4 0.46015625 0.44609375 0.0125 0.01875
4 0.08828125 0.6703125 0.028125 0.025
4 0.10078125 0.5421875 0.0140625 0.015625
4 0.29140625 0.45625 0.01875 0.015625
4 0.27421875 0.44296875 0.015625 0.0140625
1 0.778125 0.38125 0.0578125 0.03125
2 0.9796875 0.96171875 0.040625 0.04375
4 0.4328125 0.86875 0.01875 0.01875
4 0.4375 0.9125 0.01875 0.01875