4 0.3984375 0.48828125 0.0265625 0.025
4 0.23671875 0.67109375 0.034375 0.0375
4 0.359375 0.42265625 0.028125 0.0265625
4 0.196875 0.8328125 0.0296875 0.03125
4 0.34609375 0.93984375 0.025 0.03125
4 0.5875 0.49140625 0.0265625 0.025
2 0.3859375 0.6640625 0.046875 0.0453125
2 0.33828125 0.5546875 0.03125 0.0375
0 0.68125 0.378125 0.025 0.021875
0 0.59140625 0.42890625 0.015625 0.01875
0 0.571875 0.34375 0.015625 0.01875
0 0.61171875 0.3390625 0.0171875 0.0203125
0 0.60703125 0.29375 0.025 0.0234375
0 0.55859375 0.6140625 0.0171875 0.015625
0 0.65546875 0.5 0.01875 0.015625
0 0.6015625 0.39453125 0.015625 0.0109375
0 0.5296875 0.403125 0.01875 0.021875
0 0.4875 0.61484375 0.015625 0.0203125