4 0.921875 0.35 0.0375 0.0375
4 0.609375 0.44765625 0.03125 0.0390625
4 0.55703125 0.4046875 0.04375 0.034375
4 0.43046875 0.36796875 0.040625 0.0296875
4 0.4890625 0.68125 0.046875 0.0359375
4 0.7625 0.68671875 0.0359375 0.034375
4 0.71796875 0.73046875 0.0375 0.021875
4 0.8296875 0.8359375 0.03125 0.0296875
4 0.284375 0.22890625 0.0359375 0.0375
4 0.2859375 0.14765625 0.040625 0.0375
4 0.35625 0.2265625 0.028125 0.0375
4 0.3671875 0.30234375 0.034375 0.03125
4 0.14140625 0.278125 0.034375 0.03125
4 0.5296875 0.51640625 0.040625 0.03125
4 0.66328125 0.7734375 0.0484375 0.0375
4 0.59765625 0.7 0.046875 0.0359375
4 0.9 0.48359375 0.028125 0.021875
4 0.8515625 0.5203125 0.025 0.025
4 0.890625 0.52265625 0.028125 0.021875
4 0.5828125 0.56796875 0.0171875 0.028125
4 0.6609375 0.61484375 0.025 0.0328125
4 0.77109375 0.625 0.028125 0.0265625