0 0.61015625 0.421875 0.028125 0.021875
0 0.63203125 0.4796875 0.025 0.0125
0 0.515625 0.3359375 0.021875 0.01875
0 0.434375 0.278125 0.0296875 0.01875
0 0.71484375 0.3265625 0.034375 0.025
0 0.50078125 0.50234375 0.01875 0.015625
0 0.41015625 0.48046875 0.0140625 0.009375
0 0.334375 0.3078125 0.021875 0.0109375
0 0.23984375 0.478125 0.01875 0.0140625
0 0.1921875 0.46953125 0.015625 0.015625
0 0.1703125 0.42890625 0.0140625 0.0125
0 0.1390625 0.35078125 0.025 0.015625
0 0.4296875 0.53046875 0.0125 0.009375
0 0.434375 0.675 0.015625 0.0140625
0 0.31875 0.60859375 0.0140625 0.0125
0 0.2875 0.5734375 0.0203125 0.0140625
0 0.1296875 0.4203125 0.0203125 0.009375
0 0.06484375 0.3140625 0.021875 0.0171875
0 0.08359375 0.28046875 0.028125 0.015625
0 0.2546875 0.40234375 0.0125 0.0109375
0 0.48125 0.46328125 0.025 0.0203125
0 0.03515625 0.29765625 0.01875 0.0140625
0 0.028125 0.27578125 0.0234375 0.009375
0 0.01171875 0.42265625 0.01875 0.0109375
0 0.0296875 0.534375 0.0140625 0.01875
0 0.03671875 0.55390625 0.025 0.01875