4 0.37265625 0.46875 0.034375 0.03125
4 0.63359375 0.61015625 0.0296875 0.028125
4 0.734375 0.6625 0.021875 0.021875
4 0.77890625 0.62578125 0.0203125 0.0125
4 0.79140625 0.60703125 0.015625 0.0203125
4 0.72890625 0.40703125 0.021875 0.021875
4 0.4984375 0.34453125 0.01875 0.0125
4 0.38984375 0.39921875 0.0171875 0.0171875
4 0.4125 0.425 0.0171875 0.01875
4 0.51328125 0.46875 0.01875 0.01875
4 0.49453125 0.5328125 0.0171875 0.021875
4 0.41171875 0.3296875 0.025 0.025
4 0.34921875 0.33046875 0.021875 0.01875
4 0.22421875 0.3625 0.021875 0.025
4 0.79453125 0.48046875 0.0203125 0.01875
4 0.7359375 0.47734375 0.015625 0.0171875
4 0.76328125 0.42265625 0.0171875 0.01875
4 0.49609375 0.6421875 0.028125 0.028125
4 0.33515625 0.3046875 0.01875 0.0171875
4 0.2140625 0.303125 0.01875 0.021875
4 0.35 0.38046875 0.021875 0.01875
4 0.278125 0.4421875 0.025 0.021875
4 0.31015625 0.45703125 0.0171875 0.0203125
4 0.67734375 0.5921875 0.021875 0.0234375
4 0.6953125 0.65234375 0.021875 0.021875
4 0.52890625 0.70703125 0.0203125 0.021875
4 0.43984375 0.23125 0.01875 0.015625
4 0.1546875 0.0796875 0.021875 0.0203125
4 0.1828125 0.0453125 0.015625 0.0125
4 0.1953125 0.034375 0.01875 0.009375
4 0.38359375 0.14765625 0.0125 0.0109375
4 0.4015625 0.1390625 0.015625 0.015625
4 0.3984375 0.11953125 0.0203125 0.01875
4 0.428125 0.02265625 0.0125 0.0125
4 0.44296875 0.00625 0.0109375 0.0125
4 0.29140625 0.2109375 0.01875 0.015625
4 0.2171875 0.07890625 0.01875 0.015625
4 0.3109375 0.0296875 0.021875 0.01875
4 0.33046875 0.0875 0.0171875 0.015625
4 0.17109375 0.29140625 0.021875 0.01875
4 0.134375 0.3046875 0.0171875 0.021875
4 0.32109375 0.375 0.0171875 0.021875
4 0.43203125 0.52109375 0.028125 0.0203125
3 0.715625 0.01875 0.034375 0.025
0 0.76640625 0.38984375 0.015625 0.021875
2 0.2078125 0.22734375 0.0375 0.0359375