3 0.390625 0.54765625 0.05 0.0671875
2 0.3203125 0.4125 0.046875 0.0421875
2 0.33125 0.30703125 0.0359375 0.040625
0 0.40859375 0.2953125 0.0140625 0.01875
0 0.5984375 0.3078125 0.028125 0.0296875
4 0.65 0.25078125 0.0234375 0.0234375
4 0.7109375 0.22890625 0.021875 0.021875
4 0.70546875 0.26953125 0.021875 0.0234375
4 0.54609375 0.240625 0.0265625 0.025
0 0.53828125 0.325 0.0171875 0.021875
0 0.49921875 0.384375 0.015625 0.021875
0 0.66796875 0.37421875 0.01875 0.0203125
0 0.7109375 0.39296875 0.021875 0.01875
0 0.7140625 0.7234375 0.03125 0.025
1 0.39921875 0.1296875 0.0734375 0.0765625
4 0.24140625 0.71171875 0.021875 0.034375
4 0.46875 0.90078125 0.028125 0.025