4 0.28984375 0.465625 0.02109375 0.02265625
4 0.3953125 0.4578125 0.025 0.02265625
4 0.2546875 0.60859375 0.01953125 0.0203125
4 0.3703125 0.6078125 0.02265625 0.021875
4 0.4078125 0.6140625 0.01875 0.02109375
4 0.23046875 0.384375 0.02265625 0.02109375
4 0.22734375 0.43515625 0.01875 0.021875
4 0.2421875 0.4984375 0.01875 0.021875
4 0.2046875 0.484375 0.0171875 0.01953125
4 0.346875 0.45 0.02265625 0.025
4 0.6609375 0.61328125 0.01953125 0.02265625
4 0.20703125 0.6171875 0.0234375 0.025
4 0.0859375 0.62578125 0.02109375 0.015625
4 0.1984375 0.6515625 0.021875 0.02265625
4 0.3484375 0.5484375 0.02109375 0.021875
4 0.440625 0.52890625 0.02109375 0.025
4 0.34453125 0.49609375 0.025 0.02578125
4 0.45546875 0.440625 0.0234375 0.0203125
4 0.29140625 0.34921875 0.028125 0.0203125
4 0.53671875 0.70390625 0.02421875 0.02421875
4 0.6453125 0.78984375 0.0171875 0.021875