4 0.271875 0.57734375 0.0484375 0.0359375
4 0.4328125 0.67109375 0.034375 0.04609375
4 0.48671875 0.75703125 0.04453125 0.04609375
4 0.19140625 0.28984375 0.0359375 0.04140625
4 0.2578125 0.221875 0.0328125 0.0421875
4 0.3890625 0.56953125 0.034375 0.03828125
4 0.6515625 0.66484375 0.0328125 0.03125
4 0.571875 0.76328125 0.040625 0.0359375
4 0.4078125 0.9015625 0.0359375 0.02734375
4 0.44609375 0.9625 0.03515625 0.03359375
4 0.471875 0.8046875 0.03046875 0.0328125
4 0.40703125 0.80703125 0.03359375 0.03671875
4 0.28125 0.8453125 0.0265625 0.03046875
4 0.30859375 0.8875 0.0359375 0.03203125
4 0.41171875 0.75625 0.0390625 0.0328125