4 0.52265625 0.484375 0.03125 0.02734375
4 0.53828125 0.55546875 0.02421875 0.02421875
4 0.46328125 0.56953125 0.02421875 0.01640625
4 0.453125 0.60546875 0.01796875 0.01875
4 0.409375 0.61875 0.025 0.02421875
4 0.50703125 0.44765625 0.0359375 0.03359375
4 0.521875 0.525 0.01953125 0.01953125
4 0.49296875 0.525 0.01875 0.02109375
4 0.39296875 0.54296875 0.01875 0.01953125
4 0.440625 0.5328125 0.0109375 0.01328125
4 0.43046875 0.56953125 0.01171875 0.01328125
4 0.3734375 0.45234375 0.01875 0.015625
4 0.41171875 0.375 0.02265625 0.0171875
4 0.51875 0.40703125 0.02265625 0.015625
4 0.59609375 0.48046875 0.01953125 0.0171875
4 0.63203125 0.53125 0.02109375 0.03046875
4 0.3171875 0.1125 0.02578125 0.021875
4 0.45 0.48203125 0.01953125 0.01640625
4 0.3171875 0.56953125 0.01796875 0.01875