3 0.2734375 0.775 0.034375 0.040625
2 0.48828125 0.64609375 0.04375 0.046875
2 0.08671875 0.7015625 0.0390625 0.046875
4 0.85390625 0.290625 0.025 0.025
4 0.86640625 0.44296875 0.021875 0.025
4 0.83671875 0.52265625 0.0265625 0.021875
4 0.80234375 0.25703125 0.0234375 0.021875
4 0.84921875 0.14609375 0.028125 0.021875
4 0.7890625 0.38359375 0.021875 0.025
4 0.9546875 0.78671875 0.025 0.01875
4 0.81328125 0.65078125 0.0296875 0.021875
4 0.7078125 0.50703125 0.025 0.0265625
4 0.69609375 0.46953125 0.028125 0.028125
4 0.71171875 0.39453125 0.0234375 0.028125
4 0.70625 0.35390625 0.025 0.0265625
4 0.69609375 0.3359375 0.0203125 0.021875
4 0.6828125 0.3109375 0.025 0.0265625
4 0.62734375 0.4609375 0.0296875 0.021875
4 0.66171875 0.52578125 0.0234375 0.01875
4 0.34609375 0.72109375 0.0359375 0.0375
4 0.421875 0.7625 0.0234375 0.0234375
4 0.58046875 0.73828125 0.0296875 0.028125
4 0.51953125 0.40078125 0.0203125 0.0203125
4 0.47578125 0.38984375 0.0203125 0.021875
4 0.50078125 0.32109375 0.025 0.025
4 0.52578125 0.25703125 0.025 0.01875
4 0.70078125 0.23828125 0.015625 0.0125
4 0.84765625 0.97734375 0.021875 0.0234375
2 0.52890625 0.1546875 0.025 0.0234375
1 0.54453125 0.10625 0.153125 0.065625
0 0.5734375 0.5875 0.0171875 0.0171875
2 0.0421875 0.6953125 0.028125 0.0328125