4 0.58671875 0.54375 0.028125 0.0234375
4 0.6921875 0.415625 0.0375 0.0453125
4 0.76484375 0.46640625 0.0296875 0.03125
4 0.54921875 0.6125 0.0359375 0.04375
4 0.528125 0.44375 0.0265625 0.025
4 0.2109375 0.66484375 0.0265625 0.03125
4 0.78671875 0.5515625 0.0203125 0.025
4 0.89609375 0.49375 0.0234375 0.01875
4 0.89140625 0.4015625 0.01875 0.0234375
4 0.9671875 0.45546875 0.025 0.021875
4 0.38984375 0.16796875 0.028125 0.0328125
4 0.3296875 0.20859375 0.025 0.0375
4 0.44296875 0.25703125 0.025 0.025
4 0.69765625 0.2859375 0.0171875 0.028125
4 0.5703125 0.44921875 0.025 0.0265625
4 0.71875 0.37421875 0.021875 0.01875
4 0.48984375 0.53671875 0.021875 0.0296875
4 0.31328125 0.484375 0.0203125 0.021875
4 0.51796875 0.334375 0.015625 0.021875
4 0.5703125 0.3015625 0.0125 0.01875
4 0.478125 0.33125 0.015625 0.025