2 0.9515625 0.66328125 0.04375 0.059375
4 0.5515625 0.309375 0.0375 0.021875
4 0.44609375 0.37578125 0.0375 0.025
4 0.4484375 0.48515625 0.021875 0.0234375
4 0.74296875 0.609375 0.021875 0.021875
4 0.6140625 0.5375 0.025 0.028125
4 0.51953125 0.26640625 0.0296875 0.0203125
4 0.634375 0.3890625 0.021875 0.0203125
4 0.21875 0.66640625 0.028125 0.0359375
4 0.325 0.9484375 0.01875 0.028125
4 0.33515625 0.965625 0.025 0.025
4 0.33125 0.8921875 0.015625 0.025
0 0.6609375 0.6796875 0.0171875 0.0265625
0 0.7890625 0.41640625 0.025 0.028125
0 0.7921875 0.44140625 0.025 0.0296875