3 0.54765625 0.609375 0.0671875 0.04921875
2 0.4125 0.6796875 0.0421875 0.046875
2 0.30703125 0.66875 0.040625 0.0359375
0 0.2953125 0.59140625 0.01796875 0.0140625
0 0.3078125 0.4015625 0.0296875 0.02734375
4 0.25078125 0.35 0.0234375 0.0234375
4 0.22890625 0.2890625 0.021875 0.02109375
4 0.26953125 0.29453125 0.0234375 0.021875
4 0.240625 0.45390625 0.025 0.0265625
0 0.325 0.46171875 0.021875 0.0171875
0 0.384375 0.50078125 0.02109375 0.01484375
0 0.37421875 0.33203125 0.0203125 0.01875
0 0.39296875 0.2890625 0.01875 0.021875
0 0.7234375 0.2859375 0.025 0.03203125
1 0.1296875 0.60078125 0.0765625 0.0734375
4 0.71171875 0.75859375 0.03359375 0.02265625
4 0.90078125 0.53125 0.025 0.028125