4 0.4390625 0.275 0.05 0.0578125
4 0.81953125 0.31875 0.03125 0.034375
4 0.81875 0.4 0.03125 0.034375
4 0.7421875 0.50390625 0.0265625 0.0359375
4 0.7296875 0.6140625 0.021875 0.03125
4 0.5609375 0.7015625 0.028125 0.034375
4 0.57265625 0.48203125 0.034375 0.03125
4 0.7421875 0.3703125 0.021875 0.028125
4 0.640625 0.24453125 0.0328125 0.028125
4 0.8203125 0.5359375 0.021875 0.025
4 0.77578125 0.53125 0.025 0.03125
4 0.90234375 0.4984375 0.01875 0.021875
4 0.72734375 0.0625 0.0203125 0.015625
4 0.8015625 0.2234375 0.0125 0.0234375