4 0.5609375 0.725 0.05 0.0578125
4 0.18046875 0.68125 0.03125 0.034375
4 0.18125 0.6 0.03125 0.034375
4 0.2578125 0.49609375 0.0265625 0.0359375
4 0.2703125 0.3859375 0.021875 0.03125
4 0.4390625 0.2984375 0.028125 0.034375
4 0.42734375 0.51796875 0.034375 0.03125
4 0.2578125 0.6296875 0.021875 0.028125
4 0.359375 0.75546875 0.0328125 0.028125
4 0.1796875 0.4640625 0.021875 0.025
4 0.22421875 0.46875 0.025 0.03125
4 0.09765625 0.5015625 0.01875 0.021875
4 0.27265625 0.9375 0.0203125 0.015625
4 0.1984375 0.7765625 0.0125 0.0234375