4 0.740625 0.42109375 0.0296875 0.0265625
4 0.7015625 0.4625 0.0265625 0.021875
4 0.7796875 0.6796875 0.03125 0.028125
4 0.896875 0.6515625 0.028125 0.0203125
4 0.5265625 0.43984375 0.0375 0.034375
4 0.55 0.40078125 0.01875 0.025
4 0.63828125 0.428125 0.025 0.021875
4 0.66796875 0.38828125 0.028125 0.028125
4 0.70859375 0.39921875 0.021875 0.0234375
4 0.62890625 0.59609375 0.021875 0.021875
4 0.61875 0.653125 0.01875 0.0171875
4 0.45625 0.390625 0.03125 0.021875
4 0.40234375 0.3921875 0.0234375 0.0265625
4 0.4640625 0.53671875 0.01875 0.01875
4 0.41015625 0.62265625 0.0203125 0.0171875
4 0.4421875 0.684375 0.021875 0.021875
4 0.51640625 0.6953125 0.0171875 0.015625
4 0.58671875 0.44609375 0.01875 0.01875
4 0.56328125 0.52109375 0.021875 0.01875
4 0.66171875 0.30703125 0.0234375 0.01875
4 0.640625 0.3578125 0.021875 0.0171875
4 0.62109375 0.52578125 0.025 0.01875
4 0.67421875 0.57890625 0.021875 0.01875
4 0.70078125 0.578125 0.01875 0.0203125
4 0.76484375 0.4921875 0.028125 0.0203125
4 0.32265625 0.3734375 0.021875 0.015625
4 0.33515625 0.39921875 0.021875 0.01875
4 0.3703125 0.2625 0.021875 0.021875
4 0.63203125 0.190625 0.025 0.025
4 0.57734375 0.6046875 0.021875 0.0171875
4 0.7125 0.67578125 0.01875 0.015625
4 0.72265625 0.7640625 0.021875 0.01875
4 0.6640625 0.85546875 0.0265625 0.021875
4 0.6046875 0.86953125 0.01875 0.0171875
4 0.74375 0.8609375 0.0171875 0.01875
4 0.7859375 0.834375 0.0203125 0.025
4 0.8234375 0.809375 0.01875 0.0203125
4 0.68359375 0.740625 0.0171875 0.015625
4 0.67265625 0.70234375 0.0125 0.0125
4 0.6796875 0.7171875 0.0125 0.0109375
4 0.76953125 0.7484375 0.015625 0.0125
4 0.81171875 0.6703125 0.01875 0.01875
4 0.709375 0.64609375 0.015625 0.015625
4 0.34765625 0.71171875 0.0125 0.0140625
4 0.3078125 0.66953125 0.01875 0.015625
4 0.31640625 0.63046875 0.015625 0.0140625
4 0.190625 0.63984375 0.015625 0.0125
4 0.27578125 0.50234375 0.009375 0.0125
4 0.29375 0.48671875 0.0109375 0.0125
4 0.30859375 0.4921875 0.009375 0.0125
4 0.28671875 0.57734375 0.015625 0.0125
4 0.37109375 0.5140625 0.0125 0.0125