4 0.8171875 0.4390625 0.03125 0.03125
4 0.73671875 0.428125 0.0171875 0.025
4 0.7109375 0.43671875 0.028125 0.034375
4 0.9875 0.4875 0.021875 0.028125
4 0.86328125 0.58671875 0.025 0.015625
4 0.82578125 0.56015625 0.021875 0.021875
4 0.76875 0.88203125 0.025 0.01875
4 0.65546875 0.75078125 0.03125 0.0328125
4 0.609375 0.753125 0.01875 0.021875
4 0.63125 0.50625 0.021875 0.021875
4 0.7875 0.31484375 0.025 0.021875
4 0.6828125 0.7375 0.01875 0.01875
4 0.91875 0.31953125 0.01875 0.01875
4 0.9 0.32734375 0.01875 0.025
2 0.5609375 0.6484375 0.053125 0.046875
0 0.603125 0.59296875 0.021875 0.021875
1 0.6921875 0.36796875 0.0875 0.0671875