4 0.53125 0.37265625 0.03046875 0.034375
4 0.38984375 0.63359375 0.02890625 0.0296875
4 0.3375 0.734375 0.02109375 0.02109375
4 0.37421875 0.77890625 0.01328125 0.0203125
4 0.39296875 0.79140625 0.0203125 0.015625
4 0.59296875 0.72890625 0.02109375 0.021875
4 0.65546875 0.4984375 0.0125 0.01796875
4 0.60078125 0.38984375 0.0171875 0.0171875
4 0.575 0.4125 0.01953125 0.0171875
4 0.53125 0.51328125 0.01953125 0.01953125
4 0.4671875 0.49453125 0.021875 0.0171875
4 0.6703125 0.41171875 0.02421875 0.02421875
4 0.66953125 0.34921875 0.01875 0.021875
4 0.6375 0.22421875 0.025 0.02109375
4 0.51953125 0.79453125 0.01796875 0.0203125
4 0.52265625 0.7359375 0.0171875 0.01640625
4 0.57734375 0.76328125 0.01953125 0.0171875
4 0.3578125 0.49609375 0.02734375 0.028125
4 0.6953125 0.33515625 0.0171875 0.01875
4 0.696875 0.2140625 0.02265625 0.01796875
4 0.61953125 0.35 0.01953125 0.021875
4 0.5578125 0.278125 0.02265625 0.02578125
4 0.54296875 0.31015625 0.0203125 0.0171875
4 0.4078125 0.67734375 0.0234375 0.02109375
4 0.34765625 0.6953125 0.021875 0.02265625
4 0.29296875 0.52890625 0.02265625 0.0203125
4 0.76875 0.43984375 0.01640625 0.01875
4 0.9203125 0.1546875 0.0203125 0.021875
4 0.9546875 0.1828125 0.0125 0.015625
4 0.965625 0.1953125 0.01015625 0.01875
4 0.85234375 0.38359375 0.0109375 0.0125
4 0.8609375 0.4015625 0.015625 0.01484375
4 0.88046875 0.3984375 0.01875 0.0203125
4 0.97734375 0.428125 0.01171875 0.0125
4 0.99375 0.44296875 0.01171875 0.0109375
4 0.7890625 0.29140625 0.01484375 0.01875
4 0.92109375 0.2171875 0.01640625 0.01953125
4 0.9703125 0.3109375 0.01875 0.02109375
4 0.9125 0.33046875 0.01640625 0.0171875
4 0.70859375 0.17109375 0.01796875 0.02265625
4 0.6953125 0.134375 0.02109375 0.0171875
4 0.625 0.32109375 0.02109375 0.0171875
4 0.47890625 0.43203125 0.0203125 0.02734375
3 0.98125 0.715625 0.025 0.034375
0 0.61015625 0.76640625 0.02265625 0.01640625
2 0.77265625 0.2078125 0.0359375 0.0375