4 0.0640625 0.778125 0.03125 0.0359375
4 0.1171875 0.6484375 0.025 0.021875
4 0.74921875 0.534375 0.0234375 0.03125
4 0.71015625 0.5875 0.0328125 0.028125
4 0.640625 0.34296875 0.01875 0.0234375
4 0.72421875 0.3796875 0.021875 0.025
4 0.853125 0.37734375 0.015625 0.01875
4 0.60625 0.32578125 0.01875 0.0203125
4 0.58125 0.32109375 0.015625 0.025
4 0.5828125 0.134375 0.021875 0.01875
4 0.11953125 0.48203125 0.028125 0.025
2 0.13671875 0.71875 0.03125 0.028125
0 0.54921875 0.1578125 0.0265625 0.021875
2 0.6859375 0.53671875 0.025 0.034375
4 0.8234375 0.05703125 0.0203125 0.021875
4 0.79921875 0.17421875 0.03125 0.025
4 0.6390625 0.478125 0.025 0.021875