0 0.71875 0.59375 0.02421875 0.02265625
0 0.78671875 0.5859375 0.0375 0.03046875
0 0.75703125 0.73515625 0.0296875 0.015625
0 0.75546875 0.71171875 0.01953125 0.02265625
0 0.6453125 0.7375 0.0171875 0.015625
0 0.57265625 0.71328125 0.025 0.01875
0 0.29140625 0.72578125 0.02578125 0.01640625
0 0.3671875 0.65078125 0.0171875 0.0203125
0 0.31171875 0.64140625 0.02265625 0.01484375
0 0.36015625 0.62734375 0.021875 0.0234375
0 0.371875 0.58359375 0.02734375 0.025
0 0.8234375 0.7359375 0.02578125 0.01953125
0 0.81875 0.66015625 0.02265625 0.025
0 0.86015625 0.54453125 0.0234375 0.02734375
0 0.790625 0.52578125 0.02421875 0.02421875
0 0.12578125 0.60859375 0.02734375 0.028125
3 0.1953125 0.8875 0.065625 0.0609375