2 0.4953125 0.29765625 0.0359375 0.03984375
4 0.7390625 0.30546875 0.028125 0.02734375
4 0.62578125 0.728125 0.0265625 0.0390625
4 0.60078125 0.79453125 0.028125 0.028125
4 0.4890625 0.85703125 0.02265625 0.025
4 0.55546875 0.7640625 0.01875 0.025
4 0.55546875 0.65703125 0.025 0.028125
4 0.6453125 0.1171875 0.02890625 0.028125
4 0.78515625 0.92109375 0.01875 0.0171875
4 0.4546875 0.9625 0.0265625 0.02734375
4 0.540625 0.83984375 0.03125 0.0265625
4 0.54375 0.90546875 0.0296875 0.0375
4 0.81953125 0.77578125 0.0265625 0.02890625
4 0.82890625 0.82265625 0.01875 0.03046875
4 0.5015625 0.6671875 0.0296875 0.02734375
0 0.65234375 0.70390625 0.0234375 0.0265625
0 0.8609375 0.92265625 0.02109375 0.01953125