4 0.58046875 0.4921875 0.028125 0.0203125
4 0.503125 0.43203125 0.0265625 0.021875
4 0.5109375 0.59296875 0.0265625 0.025
4 0.49609375 0.72578125 0.0265625 0.0234375
4 0.396875 0.6734375 0.021875 0.025
4 0.278125 0.46171875 0.0265625 0.028125
4 0.34296875 0.4390625 0.0265625 0.025
4 0.05546875 0.3734375 0.025 0.028125
4 0.24453125 0.61640625 0.021875 0.028125
4 0.4515625 0.41875 0.028125 0.021875
4 0.6421875 0.521875 0.025 0.0203125
4 0.6078125 0.7078125 0.025 0.01875
4 0.55625 0.68515625 0.015625 0.0125
4 0.546875 0.52578125 0.021875 0.021875
4 0.60078125 0.4328125 0.015625 0.0203125
4 0.4234375 0.51484375 0.0234375 0.021875
4 0.64453125 0.4703125 0.0234375 0.021875
4 0.68203125 0.09453125 0.0234375 0.028125
4 0.4828125 0.8921875 0.01875 0.01875
4 0.38828125 0.8453125 0.021875 0.01875