4 0.39765625 0.35625 0.03125 0.028125
4 0.39296875 0.4125 0.0296875 0.0296875
4 0.3625 0.2859375 0.025 0.03125
4 0.34609375 0.16640625 0.028125 0.025
4 0.35625 0.3375 0.0265625 0.025
4 0.52109375 0.25390625 0.025 0.025
4 0.5546875 0.2453125 0.021875 0.025
4 0.721875 0.125 0.034375 0.03125
4 0.6859375 0.4296875 0.028125 0.01875
4 0.57265625 0.5140625 0.01875 0.021875
4 0.5484375 0.5765625 0.01875 0.0171875
4 0.53671875 0.546875 0.0140625 0.015625
4 0.58515625 0.56953125 0.01875 0.021875
4 0.62109375 0.559375 0.0125 0.015625
4 0.459375 0.46640625 0.021875 0.0171875
4 0.49609375 0.65 0.01875 0.021875
4 0.5703125 0.66875 0.01875 0.015625
4 0.615625 0.61875 0.021875 0.021875
4 0.64453125 0.5953125 0.021875 0.021875
4 0.31953125 0.6171875 0.0203125 0.0234375
4 0.4078125 0.56796875 0.0140625 0.01875
4 0.278125 0.31953125 0.025 0.0234375
4 0.31796875 0.30546875 0.021875 0.021875
4 0.2296875 0.28125 0.021875 0.015625
4 0.22890625 0.240625 0.015625 0.021875
4 0.14609375 0.36171875 0.0234375 0.021875
4 0.14609375 0.42265625 0.01875 0.015625
4 0.17109375 0.41484375 0.015625 0.0140625
4 0.18359375 0.37421875 0.015625 0.0125
4 0.2375 0.3765625 0.015625 0.0140625
4 0.171875 0.13359375 0.01875 0.0125
4 0.33046875 0.13203125 0.021875 0.01875
4 0.4984375 0.4875 0.015625 0.009375
4 0.1265625 0.68125 0.0140625 0.015625
4 0.07890625 0.7171875 0.0125 0.015625
4 0.14140625 0.79609375 0.0140625 0.0140625
0 0.26015625 0.82421875 0.0140625 0.015625
0 0.284375 0.77578125 0.009375 0.009375
0 0.28671875 0.8 0.0109375 0.009375
0 0.3453125 0.70078125 0.009375 0.0109375
0 0.38125 0.6625 0.0109375 0.0109375
0 0.38828125 0.67265625 0.009375 0.009375
0 0.13359375 0.7125 0.0125 0.015625
0 0.23046875 0.87421875 0.015625 0.0125
0 0.2796875 0.915625 0.015625 0.0109375
0 0.19140625 0.87578125 0.015625 0.0140625
0 0.2984375 0.73203125 0.015625 0.0125
0 0.31171875 0.771875 0.0125 0.0125
4 0.9234375 0.75234375 0.01875 0.0171875
4 0.96640625 0.81484375 0.0140625 0.015625
4 0.9515625 0.78046875 0.0125 0.009375
4 0.9765625 0.78046875 0.015625 0.0171875
4 0.8921875 0.590625 0.0140625 0.01875
4 0.81875 0.553125 0.0203125 0.021875
4 0.934375 0.45546875 0.01875 0.0140625
4 0.9765625 0.41640625 0.0203125 0.0140625
4 0.97890625 0.4671875 0.0109375 0.009375
4 0.85234375 0.48828125 0.015625 0.015625
4 0.8421875 0.50078125 0.0140625 0.009375
4 0.59296875 0.71484375 0.0171875 0.01875
4 0.734375 0.44765625 0.0203125 0.015625
4 0.88671875 0.56171875 0.015625 0.0125
4 0.87265625 0.54140625 0.0109375 0.0125
4 0.84453125 0.41328125 0.0171875 0.009375
4 0.85703125 0.39453125 0.015625 0.0125
4 0.509375 0.83203125 0.0140625 0.01875
4 0.99453125 0.6375 0.0109375 0.015625
4 0.9296875 0.51171875 0.0125 0.0125
1 0.96015625 0.29375 0.028125 0.028125
4 0.89609375 0.78046875 0.0125 0.0125
4 0.93984375 0.84765625 0.015625 0.0125
4 0.8953125 0.82421875 0.009375 0.0109375
4 0.55703125 0.61875 0.009375 0.0125
4 0.4890625 0.67265625 0.021875 0.015625
4 0.0578125 0.125 0.025 0.028125
4 0.12265625 0.1078125 0.0203125 0.0171875
0 0.19765625 0.74765625 0.0140625 0.015625
0 0.1375 0.771875 0.015625 0.015625
0 0.18046875 0.5484375 0.021875 0.01875