4 0.9328125 0.52578125 0.0328125 0.0359375
4 0.6625 0.740625 0.03046875 0.03359375
4 0.72265625 0.80546875 0.03203125 0.025
4 0.40234375 0.8078125 0.02265625 0.02265625
4 0.68828125 0.47265625 0.03125 0.03359375
4 0.59375 0.9703125 0.03203125 0.03203125
4 0.61796875 0.91015625 0.0265625 0.0265625
4 0.6078125 0.646875 0.028125 0.0328125
4 0.5046875 0.75546875 0.02109375 0.02265625
4 0.66171875 0.70546875 0.02265625 0.02421875
4 0.82734375 0.865625 0.02578125 0.02265625
3 0.58671875 0.490625 0.04140625 0.0515625
2 0.76796875 0.39765625 0.0375 0.040625
0 0.2734375 0.34140625 0.028125 0.0265625