0 0.39921875 0.309375 0.0171875 0.0265625
0 0.39296875 0.34453125 0.028125 0.021875
0 0.4375 0.2671875 0.034375 0.0359375
0 0.41484375 0.23125 0.0296875 0.0265625
0 0.40390625 0.184375 0.021875 0.028125
0 0.3484375 0.2 0.025 0.034375
0 0.315625 0.20390625 0.0265625 0.0234375
0 0.5203125 0.31875 0.025 0.025
0 0.48515625 0.28125 0.021875 0.03125
0 0.46015625 0.33359375 0.028125 0.0296875
0 0.4046875 0.4203125 0.034375 0.028125
0 0.29296875 0.25703125 0.03125 0.028125
0 0.36015625 0.31015625 0.0328125 0.021875
0 0.56015625 0.34140625 0.0234375 0.021875
0 0.59921875 0.36875 0.028125 0.021875
0 0.44765625 0.1609375 0.0328125 0.034375