4 0.728125 0.51640625 0.04375 0.04375
4 0.6828125 0.40625 0.0296875 0.034375
4 0.46328125 0.80625 0.0234375 0.03125
4 0.69609375 0.3375 0.01875 0.0203125
4 0.56875 0.41015625 0.015625 0.021875
4 0.4796875 0.4859375 0.0171875 0.01875
4 0.42421875 0.49296875 0.021875 0.0171875
4 0.46484375 0.54140625 0.0171875 0.0171875
4 0.4640625 0.38046875 0.015625 0.015625
4 0.36484375 0.4984375 0.0140625 0.0171875
4 0.40703125 0.53828125 0.01875 0.015625
4 0.5234375 0.49609375 0.0171875 0.01875
4 0.61015625 0.67109375 0.01875 0.015625