4 0.778125 0.9359375 0.0359375 0.03203125
4 0.6484375 0.8828125 0.02265625 0.02578125
4 0.534375 0.25078125 0.03046875 0.0234375
4 0.5875 0.28984375 0.028125 0.0328125
4 0.34296875 0.359375 0.0234375 0.01953125
4 0.3796875 0.27578125 0.02421875 0.021875
4 0.37734375 0.146875 0.01875 0.01484375
4 0.32578125 0.39375 0.0203125 0.01953125
4 0.32109375 0.41875 0.02421875 0.01640625
4 0.134375 0.4171875 0.01875 0.02109375
4 0.48203125 0.88046875 0.02578125 0.02890625
2 0.71875 0.86328125 0.028125 0.03046875
0 0.1578125 0.45078125 0.02265625 0.0265625
2 0.53671875 0.3140625 0.034375 0.02578125
4 0.05703125 0.1765625 0.021875 0.0203125
4 0.17421875 0.20078125 0.02421875 0.03203125
4 0.478125 0.3609375 0.02109375 0.025