4 0.55546875 0.13359375 0.021875 0.028125
4 0.62578125 0.15390625 0.025 0.025
4 0.3359375 0.26171875 0.028125 0.0265625
4 0.38671875 0.28046875 0.01875 0.025
4 0.41875 0.29765625 0.025 0.01875
4 0.47734375 0.25625 0.01875 0.021875
4 0.5453125 0.196875 0.028125 0.021875
4 0.4140625 0.3578125 0.01875 0.01875
4 0.38359375 0.32265625 0.01875 0.01875
4 0.27734375 0.3125 0.0203125 0.01875
4 0.45625 0.165625 0.015625 0.0171875
4 0.46484375 0.20390625 0.0203125 0.0203125
4 0.453125 0.2421875 0.0203125 0.021875
4 0.409375 0.259375 0.021875 0.0203125
4 0.54296875 0.47734375 0.015625 0.025
4 0.33984375 0.22734375 0.021875 0.0171875
4 0.34453125 0.31640625 0.021875 0.01875
4 0.3484375 0.4453125 0.0203125 0.01875
4 0.54765625 0.253125 0.025 0.025
4 0.4109375 0.234375 0.0171875 0.015625
4 0.43984375 0.22734375 0.01875 0.015625
4 0.440625 0.19140625 0.015625 0.01875
4 0.67578125 0.5421875 0.01875 0.025
4 0.6 0.56953125 0.015625 0.01875
4 0.63828125 0.58046875 0.0171875 0.015625
4 0.3046875 0.34453125 0.01875 0.0171875
4 0.334375 0.35078125 0.01875 0.01875
4 0.23203125 0.35078125 0.01875 0.015625