0 0.309375 0.60078125 0.0265625 0.0171875
0 0.34453125 0.60703125 0.021875 0.028125
0 0.2671875 0.5625 0.0359375 0.034375
0 0.23125 0.58515625 0.0265625 0.0296875
0 0.184375 0.59609375 0.028125 0.021875
0 0.2 0.6515625 0.034375 0.025
0 0.20390625 0.684375 0.0234375 0.0265625
0 0.31875 0.4796875 0.025 0.025
0 0.28125 0.51484375 0.03125 0.021875
0 0.33359375 0.53984375 0.0296875 0.028125
0 0.4203125 0.5953125 0.028125 0.034375
0 0.25703125 0.70703125 0.028125 0.03125
0 0.31015625 0.63984375 0.021875 0.0328125
0 0.34140625 0.43984375 0.021875 0.0234375
0 0.36875 0.40078125 0.021875 0.028125
0 0.1609375 0.55234375 0.034375 0.0328125