0 0.38984375 0.578125 0.028125 0.021875
0 0.36796875 0.5203125 0.025 0.0125
0 0.484375 0.6640625 0.021875 0.01875
0 0.565625 0.721875 0.0296875 0.01875
0 0.28515625 0.6734375 0.034375 0.025
0 0.49921875 0.49765625 0.01875 0.015625
0 0.58984375 0.51953125 0.0140625 0.009375
0 0.665625 0.6921875 0.021875 0.0109375
0 0.76015625 0.521875 0.01875 0.0140625
0 0.8078125 0.53046875 0.015625 0.015625
0 0.8296875 0.57109375 0.0140625 0.0125
0 0.8609375 0.64921875 0.025 0.015625
0 0.5703125 0.46953125 0.0125 0.009375
0 0.565625 0.325 0.015625 0.0140625
0 0.68125 0.39140625 0.0140625 0.0125
0 0.7125 0.4265625 0.0203125 0.0140625
0 0.8703125 0.5796875 0.0203125 0.009375
0 0.93515625 0.6859375 0.021875 0.0171875
0 0.91640625 0.71953125 0.028125 0.015625
0 0.7453125 0.59765625 0.0125 0.0109375
0 0.51875 0.53671875 0.025 0.0203125
0 0.96484375 0.70234375 0.01875 0.0140625
0 0.971875 0.72421875 0.0234375 0.009375
0 0.98828125 0.57734375 0.01875 0.0109375
0 0.9703125 0.465625 0.0140625 0.01875
0 0.96328125 0.44609375 0.025 0.01875