4 0.590625 0.5546875 0.0234375 0.0203125
4 0.53671875 0.59609375 0.0203125 0.021875
4 0.50546875 0.56015625 0.015625 0.0125
4 0.5203125 0.553125 0.015625 0.0125
4 0.51640625 0.5328125 0.015625 0.0125
4 0.578125 0.52734375 0.0171875 0.015625
4 0.56171875 0.48046875 0.01875 0.0203125
4 0.48515625 0.45078125 0.015625 0.0125
4 0.5140625 0.6265625 0.0125 0.0125
4 0.45546875 0.384375 0.015625 0.015625
4 0.40078125 0.34296875 0.015625 0.0171875
4 0.48359375 0.4234375 0.0171875 0.015625
4 0.49375 0.4796875 0.009375 0.009375
4 0.51875 0.46171875 0.0125 0.009375
4 0.540625 0.4515625 0.015625 0.0140625
4 0.52578125 0.42578125 0.0109375 0.009375
4 0.51953125 0.49375 0.0125 0.0109375
4 0.48046875 0.5171875 0.00625 0.009375
4 0.48984375 0.50859375 0.0109375 0.009375
4 0.48515625 0.48828125 0.009375 0.009375
4 0.47734375 0.4796875 0.0078125 0.009375
4 0.53125 0.57890625 0.0125 0.0109375
4 0.525 0.56484375 0.0109375 0.009375
4 0.4921875 0.5703125 0.0125 0.0109375
4 0.61796875 0.55 0.015625 0.0140625
4 0.3734375 0.2734375 0.0140625 0.015625
4 0.55390625 0.46015625 0.01875 0.0125
4 0.3296875 0.08828125 0.025 0.028125
4 0.4578125 0.10078125 0.015625 0.0140625
4 0.54375 0.29140625 0.015625 0.01875
4 0.55703125 0.27421875 0.0140625 0.015625
1 0.61875 0.778125 0.03125 0.0578125
2 0.03828125 0.9796875 0.0453125 0.040625
4 0.13125 0.4328125 0.01875 0.01875
4 0.0875 0.4375 0.01875 0.01875