4 0.44453125 0.86640625 0.021875 0.028125
4 0.37421875 0.84609375 0.025 0.025
4 0.6640625 0.73828125 0.028125 0.0265625
4 0.61328125 0.71953125 0.01875 0.025
4 0.58125 0.70234375 0.025 0.01875
4 0.52265625 0.74375 0.01875 0.021875
4 0.4546875 0.803125 0.028125 0.021875
4 0.5859375 0.6421875 0.01875 0.01875
4 0.61640625 0.67734375 0.01875 0.01875
4 0.72265625 0.6875 0.0203125 0.01875
4 0.54375 0.834375 0.015625 0.0171875
4 0.53515625 0.79609375 0.0203125 0.0203125
4 0.546875 0.7578125 0.0203125 0.021875
4 0.590625 0.740625 0.021875 0.0203125
4 0.45703125 0.52265625 0.015625 0.025
4 0.66015625 0.77265625 0.021875 0.0171875
4 0.65546875 0.68359375 0.021875 0.01875
4 0.6515625 0.5546875 0.0203125 0.01875
4 0.45234375 0.746875 0.025 0.025
4 0.5890625 0.765625 0.0171875 0.015625
4 0.56015625 0.77265625 0.01875 0.015625
4 0.559375 0.80859375 0.015625 0.01875
4 0.32421875 0.4578125 0.01875 0.025
4 0.4 0.43046875 0.015625 0.01875
4 0.36171875 0.41953125 0.0171875 0.015625
4 0.6953125 0.65546875 0.01875 0.0171875
4 0.665625 0.64921875 0.01875 0.01875
4 0.76796875 0.64921875 0.01875 0.015625