4 0.42265625 0.271875 0.0359375 0.0484375
4 0.32890625 0.4328125 0.046875 0.034375
4 0.24296875 0.48671875 0.046875 0.04375
4 0.71015625 0.19140625 0.040625 0.0359375
4 0.778125 0.2578125 0.0421875 0.0328125
4 0.43046875 0.3890625 0.0375 0.034375
4 0.33515625 0.6515625 0.03125 0.0328125
4 0.23671875 0.571875 0.0359375 0.040625
4 0.0984375 0.4078125 0.028125 0.0359375
4 0.0375 0.44609375 0.034375 0.034375
4 0.1953125 0.471875 0.0328125 0.03125
4 0.19296875 0.40703125 0.0375 0.034375
4 0.1546875 0.28125 0.03125 0.0265625
4 0.1125 0.30859375 0.03125 0.0359375
4 0.24375 0.41171875 0.0328125 0.0390625