4 0.27421875 0.640625 0.0296875 0.0375
4 0.5015625 0.68984375 0.046875 0.040625
4 0.5390625 0.74453125 0.040625 0.034375
4 0.38515625 0.8234375 0.034375 0.034375
4 0.61328125 0.7875 0.0453125 0.03125
4 0.30859375 0.6328125 0.0296875 0.0328125
4 0.88046875 0.09609375 0.034375 0.034375
4 0.7640625 0.11953125 0.034375 0.0265625
4 0.90546875 0.234375 0.0375 0.0296875
0 0.7140625 0.425 0.03125 0.0375
0 0.63203125 0.34453125 0.0203125 0.028125
0 0.39140625 0.44296875 0.04375 0.0375
0 0.01796875 0.653125 0.0359375 0.03125