4 0.6015625 0.51171875 0.0265625 0.02578125
4 0.76328125 0.32890625 0.03359375 0.0375
4 0.640625 0.57734375 0.02734375 0.0265625
4 0.803125 0.1671875 0.0296875 0.03046875
4 0.65390625 0.06015625 0.02578125 0.03125
4 0.4125 0.50859375 0.0265625 0.02578125
2 0.6140625 0.3359375 0.04609375 0.0453125
2 0.66171875 0.4453125 0.03125 0.0375
0 0.31875 0.621875 0.02578125 0.02109375
0 0.40859375 0.57109375 0.015625 0.01953125
0 0.428125 0.65625 0.015625 0.01953125
0 0.38828125 0.6609375 0.0171875 0.0203125
0 0.39296875 0.70625 0.02578125 0.0234375
0 0.44140625 0.3859375 0.0171875 0.01484375
0 0.34453125 0.5 0.01796875 0.01640625
0 0.3984375 0.60546875 0.015625 0.0109375
0 0.4703125 0.596875 0.01953125 0.02265625
0 0.5125 0.38515625 0.01640625 0.0203125