4 0.43359375 0.2703125 0.0359375 0.03828125
4 0.696875 0.45703125 0.0296875 0.0296875
4 0.875 0.3625 0.0359375 0.03984375
4 0.72109375 0.19140625 0.0328125 0.03828125
4 0.54296875 0.30546875 0.03203125 0.03671875
4 0.3734375 0.85390625 0.04609375 0.05234375
4 0.41484375 0.69453125 0.034375 0.0453125
4 0.48125 0.32578125 0.02890625 0.02421875
4 0.534375 0.37109375 0.03046875 0.0328125
4 0.6 0.3734375 0.025 0.02578125
4 0.08515625 0.28203125 0.028125 0.03359375
4 0.59453125 0.29375 0.0234375 0.02421875
4 0.7078125 0.07109375 0.02734375 0.02734375
4 0.86796875 0.190625 0.03203125 0.02890625
4 0.5015625 0.146875 0.03203125 0.02421875
4 0.80703125 0.8546875 0.03125 0.02578125
4 0.5046875 0.28984375 0.021875 0.025