4 0.7734375 0.5234375 0.021875 0.025
4 0.77109375 0.4578125 0.0203125 0.0203125
4 0.7265625 0.40546875 0.021875 0.021875
4 0.61484375 0.3296875 0.01875 0.021875
4 0.6953125 0.409375 0.025 0.025
4 0.66484375 0.52734375 0.01875 0.0203125
4 0.678125 0.47109375 0.015625 0.01875
4 0.7265625 0.5359375 0.0171875 0.021875
4 0.59375 0.68203125 0.028125 0.0234375
4 0.65234375 0.72734375 0.025 0.0234375
4 0.55 0.7296875 0.0203125 0.025
4 0.48671875 0.6015625 0.0234375 0.01875
4 0.3375 0.4140625 0.025 0.0203125
4 0.53125 0.3484375 0.025 0.028125
4 0.6203125 0.50078125 0.025 0.025
4 0.63515625 0.63984375 0.028125 0.0234375
4 0.68359375 0.64609375 0.021875 0.025
4 0.7625 0.87578125 0.021875 0.021875
4 0.85 0.54765625 0.025 0.025
4 0.978125 0.640625 0.0203125 0.01875
4 0.359375 0.515625 0.0234375 0.021875
4 0.59921875 0.42734375 0.025 0.021875
4 0.66171875 0.38359375 0.021875 0.028125
4 0.5953125 0.47421875 0.028125 0.021875
4 0.61875 0.58359375 0.0203125 0.021875
4 0.4484375 0.453125 0.025 0.025
4 0.4390625 0.628125 0.0265625 0.028125
4 0.5046875 0.71640625 0.021875 0.025
4 0.64765625 0.56484375 0.025 0.0234375
4 0.7203125 0.78046875 0.0234375 0.0265625