4 0.50078125 0.4015625 0.0203125 0.028125
4 0.46796875 0.38671875 0.03125 0.034375
4 0.51640625 0.46171875 0.0296875 0.025
4 0.58125 0.32421875 0.01875 0.028125
4 0.596875 0.37265625 0.028125 0.0234375
4 0.53203125 0.634375 0.025 0.021875
1 0.1828125 0.7984375 0.04375 0.0359375
4 0.5015625 0.67578125 0.01875 0.0203125
4 0.80078125 0.33203125 0.03125 0.025
4 0.775 0.39296875 0.028125 0.0265625
4 0.603125 0.43984375 0.028125 0.0234375
4 0.375 0.58359375 0.01875 0.01875
4 0.125 0.7828125 0.021875 0.0125
4 0.11953125 0.76015625 0.01875 0.0125
4 0.11171875 0.7 0.0140625 0.0140625
4 0.0625 0.8828125 0.015625 0.01875
4 0.03359375 0.84765625 0.015625 0.0125
4 0.00546875 0.88671875 0.0109375 0.0171875
4 0.0046875 0.85 0.009375 0.01875