4 0.5015625 0.52265625 0.06875 0.05
4 0.54453125 0.42734375 0.040625 0.034375
4 0.49296875 0.38125 0.046875 0.04375
4 0.44609375 0.23828125 0.0390625 0.0375
4 0.66640625 0.19765625 0.034375 0.040625
4 0.734375 0.64296875 0.034375 0.040625
4 0.48984375 0.60078125 0.0375 0.046875
4 0.46484375 0.57890625 0.0375 0.040625
4 0.33203125 0.2828125 0.028125 0.0375
4 0.28125 0.5140625 0.046875 0.05
4 0.0984375 0.903125 0.034375 0.028125
4 0.17265625 0.60546875 0.034375 0.025
4 0.12890625 0.7453125 0.0265625 0.03125
4 0.23125 0.2296875 0.0328125 0.0328125
4 0.23203125 0.4078125 0.025 0.025
4 0.4625 0.1890625 0.05 0.0453125
4 0.290625 0.6390625 0.03125 0.021875