4 0.359375 0.27421875 0.0375 0.0296875
4 0.31015625 0.5015625 0.040625 0.046875
4 0.25546875 0.5390625 0.034375 0.040625
4 0.1765625 0.38515625 0.034375 0.034375
4 0.2125 0.61328125 0.03125 0.0453125
4 0.3671875 0.30859375 0.0328125 0.0296875
4 0.90390625 0.88046875 0.034375 0.034375
4 0.88046875 0.7640625 0.0265625 0.034375
4 0.765625 0.90546875 0.0296875 0.0390625
0 0.575 0.7140625 0.0375 0.03125
0 0.65546875 0.63203125 0.028125 0.0203125
0 0.55703125 0.39140625 0.0375 0.04375
0 0.346875 0.01796875 0.03125 0.0359375