4 0.259375 0.57890625 0.0296875 0.0265625
4 0.2984375 0.5375 0.0265625 0.021875
4 0.2203125 0.3203125 0.03125 0.028125
4 0.103125 0.3484375 0.028125 0.0203125
4 0.4734375 0.56015625 0.0375 0.034375
4 0.45 0.59921875 0.01875 0.025
4 0.36171875 0.571875 0.025 0.021875
4 0.33203125 0.61171875 0.028125 0.028125
4 0.29140625 0.60078125 0.021875 0.0234375
4 0.37109375 0.40390625 0.021875 0.021875
4 0.38125 0.346875 0.01875 0.0171875
4 0.54375 0.609375 0.03125 0.021875
4 0.59765625 0.6078125 0.0234375 0.0265625
4 0.5359375 0.46328125 0.01875 0.01875
4 0.58984375 0.37734375 0.0203125 0.0171875
4 0.5578125 0.315625 0.021875 0.021875
4 0.48359375 0.3046875 0.0171875 0.015625
4 0.41328125 0.55390625 0.01875 0.01875
4 0.43671875 0.47890625 0.021875 0.01875
4 0.33828125 0.69296875 0.0234375 0.01875
4 0.359375 0.6421875 0.021875 0.0171875
4 0.37890625 0.47421875 0.025 0.01875
4 0.32578125 0.42109375 0.021875 0.01875
4 0.29921875 0.421875 0.01875 0.0203125
4 0.23515625 0.5078125 0.028125 0.0203125
4 0.67734375 0.6265625 0.021875 0.015625
4 0.66484375 0.60078125 0.021875 0.01875
4 0.6296875 0.7375 0.021875 0.021875
4 0.36796875 0.809375 0.025 0.025
4 0.42265625 0.3953125 0.021875 0.0171875
4 0.2875 0.32421875 0.01875 0.015625
4 0.27734375 0.2359375 0.021875 0.01875
4 0.3359375 0.14453125 0.0265625 0.021875
4 0.3953125 0.13046875 0.01875 0.0171875
4 0.25625 0.1390625 0.0171875 0.01875
4 0.2140625 0.165625 0.0203125 0.025
4 0.1765625 0.190625 0.01875 0.0203125
4 0.31640625 0.259375 0.0171875 0.015625
4 0.32734375 0.29765625 0.0125 0.0125
4 0.3203125 0.2828125 0.0125 0.0109375
4 0.23046875 0.2515625 0.015625 0.0125
4 0.18828125 0.3296875 0.01875 0.01875
4 0.290625 0.35390625 0.015625 0.015625
4 0.65234375 0.28828125 0.0125 0.0140625
4 0.6921875 0.33046875 0.01875 0.015625
4 0.68359375 0.36953125 0.015625 0.0140625
4 0.809375 0.36015625 0.015625 0.0125
4 0.72421875 0.49765625 0.009375 0.0125
4 0.70625 0.51328125 0.0109375 0.0125
4 0.69140625 0.5078125 0.009375 0.0125
4 0.71328125 0.42265625 0.015625 0.0125
4 0.62890625 0.4859375 0.0125 0.0125