0 0.4828125 0.51875 0.0390625 0.0375
0 0.63984375 0.56953125 0.0484375 0.0453125
0 0.63671875 0.75859375 0.0328125 0.034375
0 0.5328125 0.77421875 0.0359375 0.0296875
0 0.58046875 0.7890625 0.03125 0.0375
0 0.553125 0.8484375 0.0296875 0.040625
0 0.35625 0.66015625 0.0328125 0.0296875
0 0.45546875 0.6 0.0375 0.0375
0 0.38984375 0.65390625 0.025 0.03125
0 0.384375 0.57421875 0.0296875 0.0234375
0 0.38671875 0.5015625 0.046875 0.0390625
0 0.39765625 0.390625 0.040625 0.0265625
0 0.32578125 0.41328125 0.0375 0.025
0 0.2875 0.4890625 0.04375 0.0359375
0 0.33828125 0.471875 0.0296875 0.034375
0 0.54453125 0.428125 0.040625 0.025
0 0.4890625 0.384375 0.05 0.0296875
0 0.4765625 0.4328125 0.0390625 0.04375
0 0.5640625 0.525 0.028125 0.040625
0 0.5921875 0.51875 0.028125 0.028125
0 0.59453125 0.6 0.034375 0.03125
0 0.6390625 0.6203125 0.0375 0.04375
0 0.634375 0.7078125 0.03125 0.03125
0 0.4703125 0.7109375 0.0296875 0.028125
0 0.52734375 0.64609375 0.034375 0.021875
0 0.471875 0.6609375 0.025 0.025
0 0.68359375 0.49453125 0.03125 0.03125
0 0.70546875 0.5875 0.03125 0.0328125
0 0.23359375 0.6265625 0.034375 0.03125
0 0.30625 0.5921875 0.028125 0.028125
0 0.671875 0.0546875 0.0328125 0.034375
0 0.7203125 0.03984375 0.046875 0.034375