0 0.5734375 0.40625 0.025 0.025
0 0.73671875 0.3484375 0.0234375 0.025
0 0.4421875 0.45625 0.025 0.025
0 0.38359375 0.51953125 0.021875 0.021875
0 0.44296875 0.6484375 0.03125 0.028125
0 0.6828125 0.3375 0.025 0.01875
0 0.66796875 0.36953125 0.01875 0.01875
0 0.74765625 0.2484375 0.025 0.01875
0 0.590625 0.5046875 0.0265625 0.028125
0 0.484375 0.3515625 0.01875 0.0234375
0 0.79296875 0.2875 0.0234375 0.0265625
0 0.64296875 0.2875 0.0296875 0.015625
0 0.575 0.259375 0.025 0.01875
0 0.61015625 0.31484375 0.0265625 0.0265625
0 0.3765625 0.2875 0.03125 0.025
0 0.3765625 0.34375 0.034375 0.0328125
0 0.63984375 0.4046875 0.01875 0.01875
0 0.38125 0.725 0.025 0.028125
0 0.37734375 0.68359375 0.025 0.0171875
0 0.37578125 0.6390625 0.015625 0.015625
0 0.42734375 0.6796875 0.025 0.021875
0 0.50703125 0.6921875 0.021875 0.01875
0 0.56875 0.62421875 0.025 0.015625
0 0.5921875 0.6640625 0.0234375 0.015625
0 0.5546875 0.6640625 0.021875 0.015625
0 0.5390625 0.640625 0.01875 0.01875
0 0.40234375 0.55703125 0.0203125 0.01875
0 0.34609375 0.5453125 0.0234375 0.021875
0 0.353125 0.4015625 0.021875 0.021875
0 0.19765625 0.45546875 0.021875 0.015625
0 0.225 0.44140625 0.01875 0.01875
0 0.221875 0.4984375 0.0125 0.0171875
0 0.1953125 0.47890625 0.0140625 0.0140625
0 0.1328125 0.3359375 0.01875 0.0171875
0 0.12578125 0.30859375 0.0203125 0.015625
0 0.203125 0.2453125 0.028125 0.025
0 0.22734375 0.23125 0.01875 0.01875
0 0.2875 0.17421875 0.015625 0.01875
0 0.228125 0.1625 0.015625 0.015625
0 0.21484375 0.1859375 0.01875 0.015625
0 0.209375 0.1125 0.015625 0.015625
0 0.3125 0.240625 0.01875 0.0125
0 0.3 0.30703125 0.015625 0.021875
0 0.48984375 0.31171875 0.015625 0.01875
0 0.446875 0.59921875 0.01875 0.025
0 0.43671875 0.5546875 0.01875 0.01875
0 0.3984375 0.5859375 0.0203125 0.01875
0 0.4109375 0.75546875 0.0140625 0.015625
0 0.81015625 0.384375 0.0203125 0.01875
0 0.80390625 0.35546875 0.021875 0.0140625
0 0.7765625 0.346875 0.0125 0.0140625
0 0.759375 0.28125 0.0171875 0.015625
0 0.46328125 0.27109375 0.025 0.021875