4 0.409375 0.4453125 0.0234375 0.0203125
4 0.46328125 0.40390625 0.0203125 0.02109375
4 0.49453125 0.43984375 0.015625 0.01328125
4 0.4796875 0.446875 0.015625 0.0125
4 0.48359375 0.4671875 0.01640625 0.0125
4 0.421875 0.47265625 0.0171875 0.01484375
4 0.43828125 0.51953125 0.01953125 0.0203125
4 0.51484375 0.54921875 0.015625 0.01328125
4 0.4859375 0.3734375 0.01328125 0.01171875
4 0.54453125 0.615625 0.01484375 0.01484375
4 0.59921875 0.65703125 0.01484375 0.0171875
4 0.51640625 0.5765625 0.0171875 0.01640625
4 0.50625 0.5203125 0.01015625 0.00859375
4 0.48125 0.53828125 0.0125 0.01015625
4 0.459375 0.5484375 0.01484375 0.0140625
4 0.47421875 0.57421875 0.0109375 0.009375
4 0.48046875 0.50625 0.0125 0.0109375
4 0.51953125 0.4828125 0.00625 0.00859375
4 0.51015625 0.49140625 0.0109375 0.01015625
4 0.51484375 0.51171875 0.009375 0.009375
4 0.52265625 0.5203125 0.0078125 0.01015625
4 0.46875 0.42109375 0.0125 0.0109375
4 0.475 0.43515625 0.0109375 0.00859375
4 0.5078125 0.4296875 0.01171875 0.0109375
4 0.38203125 0.45 0.015625 0.0140625
4 0.6265625 0.7265625 0.0140625 0.01640625
4 0.44609375 0.53984375 0.01875 0.0125
4 0.6703125 0.91171875 0.025 0.02734375
4 0.5421875 0.89921875 0.015625 0.0140625
4 0.45625 0.70859375 0.015625 0.01796875
4 0.44296875 0.72578125 0.0140625 0.01484375
1 0.38125 0.221875 0.03203125 0.0578125
2 0.96171875 0.0203125 0.04453125 0.040625
4 0.86875 0.5671875 0.01875 0.01796875
4 0.9125 0.5625 0.01875 0.01953125