4 0.53671875 0.140625 0.034375 0.034375
4 0.5734375 0.1421875 0.028125 0.0328125
4 0.49765625 0.4 0.0390625 0.034375
4 0.259375 0.59765625 0.028125 0.0375
4 0.2265625 0.4609375 0.0265625 0.03125
4 0.3609375 0.49453125 0.03125 0.034375
4 0.37890625 0.5578125 0.028125 0.028125
4 0.43125 0.76171875 0.03125 0.028125
2 0.13046875 0.453125 0.065625 0.065625
4 0.35859375 0.7984375 0.03125 0.03125
4 0.3484375 0.92109375 0.0296875 0.021875
4 0.39296875 0.91171875 0.0234375 0.0234375
4 0.35546875 0.8296875 0.021875 0.025
4 0.30703125 0.85703125 0.0265625 0.021875
4 0.2109375 0.734375 0.03125 0.025
4 0.91953125 0.40859375 0.021875 0.025
4 0.925 0.4515625 0.021875 0.03125
4 0.95859375 0.4515625 0.0296875 0.0296875
4 0.9328125 0.49609375 0.025 0.0234375
4 0.99140625 0.4109375 0.0171875 0.01875
4 0.93203125 0.53515625 0.028125 0.03125
4 0.8125 0.8859375 0.021875 0.03125