4 0.51953125 0.16328125 0.034375 0.034375
4 0.47421875 0.25546875 0.025 0.0203125
4 0.4390625 0.265625 0.0234375 0.0203125
4 0.5234375 0.2984375 0.021875 0.0171875
4 0.53671875 0.3421875 0.01875 0.021875
4 0.59375 0.36015625 0.021875 0.015625
4 0.56328125 0.28515625 0.0203125 0.015625
4 0.615625 0.52421875 0.01875 0.0171875
4 0.65078125 0.57421875 0.01875 0.01875
4 0.640625 0.43125 0.0171875 0.0125
4 0.57578125 0.40625 0.01875 0.0125
4 0.48828125 0.3921875 0.01875 0.01875
4 0.5625 0.4859375 0.01875 0.015625
4 0.4171875 0.3859375 0.0171875 0.0171875
4 0.48203125 0.3328125 0.015625 0.0125
4 0.57265625 0.16875 0.015625 0.0109375
4 0.61015625 0.165625 0.015625 0.0109375
4 0.771875 0.428125 0.015625 0.01875
4 0.78515625 0.36875 0.015625 0.0140625
4 0.69609375 0.41328125 0.0109375 0.0109375
4 0.70546875 0.3953125 0.0109375 0.009375
4 0.70234375 0.38046875 0.0125 0.009375
4 0.51484375 0.37109375 0.009375 0.0078125
4 0.52421875 0.1921875 0.0125 0.009375
4 0.52578125 0.2171875 0.015625 0.0109375
4 0.6421875 0.26171875 0.0109375 0.009375