4 0.465625 0.71015625 0.021875 0.021875
4 0.4578125 0.6046875 0.021875 0.025
4 0.60859375 0.7453125 0.0203125 0.01875
4 0.6078125 0.6296875 0.021875 0.021875
4 0.6140625 0.5921875 0.021875 0.01875
4 0.384375 0.76953125 0.021875 0.021875
4 0.43515625 0.77265625 0.021875 0.01875
4 0.4984375 0.7578125 0.021875 0.01875
4 0.484375 0.7953125 0.01875 0.0171875
4 0.45 0.653125 0.025 0.021875
4 0.61328125 0.3390625 0.021875 0.01875
4 0.6171875 0.79296875 0.025 0.0234375
4 0.62578125 0.9140625 0.015625 0.021875
4 0.6515625 0.8015625 0.021875 0.021875
4 0.5484375 0.6515625 0.021875 0.021875
4 0.52890625 0.559375 0.025 0.021875
4 0.49609375 0.65546875 0.025 0.025
4 0.440625 0.54453125 0.0203125 0.0234375
4 0.34921875 0.70859375 0.0203125 0.028125
4 0.70390625 0.46328125 0.025 0.025
4 0.78984375 0.3546875 0.021875 0.0171875