2 0.36796875 0.50078125 0.0796875 0.0765625
0 0.70546875 0.484375 0.025 0.0265625
4 0.52421875 0.4984375 0.028125 0.021875
4 0.57890625 0.47421875 0.025 0.03125
4 0.42265625 0.4296875 0.0390625 0.040625
4 0.54375 0.6671875 0.01875 0.025
0 0.57890625 0.65625 0.021875 0.0234375
2 0.559375 0.9265625 0.0375 0.053125
4 0.46015625 0.759375 0.01875 0.021875
4 0.57734375 0.1421875 0.03125 0.0265625
4 0.45859375 0.6046875 0.01875 0.025
4 0.5046875 0.58671875 0.0203125 0.0203125
0 0.53359375 0.7015625 0.015625 0.015625
0 0.50859375 0.26953125 0.021875 0.025
0 0.6640625 0.49140625 0.025 0.021875
3 0.946875 0.66171875 0.0265625 0.028125
0 0.98125 0.63203125 0.021875 0.03125
4 0.79375 0.44765625 0.01875 0.025
4 0.74140625 0.11796875 0.025 0.021875
4 0.36875 0.69609375 0.01875 0.025
2 0.384375 0.825 0.025 0.01875