0 0.5171875 0.48125 0.0390625 0.0375
0 0.36015625 0.43046875 0.0484375 0.0453125
0 0.36328125 0.24140625 0.0328125 0.034375
0 0.4671875 0.22578125 0.0359375 0.0296875
0 0.41953125 0.2109375 0.03125 0.0375
0 0.446875 0.1515625 0.0296875 0.040625
0 0.64375 0.33984375 0.0328125 0.0296875
0 0.54453125 0.4 0.0375 0.0375
0 0.61015625 0.34609375 0.025 0.03125
0 0.615625 0.42578125 0.0296875 0.0234375
0 0.61328125 0.4984375 0.046875 0.0390625
0 0.60234375 0.609375 0.040625 0.0265625
0 0.67421875 0.58671875 0.0375 0.025
0 0.7125 0.5109375 0.04375 0.0359375
0 0.66171875 0.528125 0.0296875 0.034375
0 0.45546875 0.571875 0.040625 0.025
0 0.5109375 0.615625 0.05 0.0296875
0 0.5234375 0.5671875 0.0390625 0.04375
0 0.4359375 0.475 0.028125 0.040625
0 0.4078125 0.48125 0.028125 0.028125
0 0.40546875 0.4 0.034375 0.03125
0 0.3609375 0.3796875 0.0375 0.04375
0 0.365625 0.2921875 0.03125 0.03125
0 0.5296875 0.2890625 0.0296875 0.028125
0 0.47265625 0.35390625 0.034375 0.021875
0 0.528125 0.3390625 0.025 0.025
0 0.31640625 0.50546875 0.03125 0.03125
0 0.29453125 0.4125 0.03125 0.0328125
0 0.76640625 0.3734375 0.034375 0.03125
0 0.69375 0.4078125 0.028125 0.028125
0 0.328125 0.9453125 0.0328125 0.034375
0 0.2796875 0.96015625 0.046875 0.034375