4 0.48359375 0.728125 0.04375 0.04375
4 0.59375 0.6828125 0.034375 0.0296875
4 0.19375 0.46328125 0.03125 0.0234375
4 0.6625 0.69609375 0.0203125 0.01875
4 0.58984375 0.56875 0.021875 0.015625
4 0.5140625 0.4796875 0.01875 0.0171875
4 0.50703125 0.42421875 0.0171875 0.021875
4 0.45859375 0.46484375 0.0171875 0.0171875
4 0.61953125 0.4640625 0.015625 0.015625
4 0.5015625 0.36484375 0.0171875 0.0140625
4 0.46171875 0.40703125 0.015625 0.01875
4 0.50390625 0.5234375 0.01875 0.0171875
4 0.32890625 0.61015625 0.015625 0.01875