0 0.6359375 0.55390625 0.05 0.053125
0 0.246875 0.65390625 0.03125 0.025
0 0.30078125 0.6671875 0.0359375 0.028125
0 0.34453125 0.50078125 0.0328125 0.0234375
0 0.65078125 0.6078125 0.025 0.021875
0 0.8078125 0.0375 0.034375 0.0421875
0 0.46484375 0.58125 0.0421875 0.034375
0 0.471875 0.5140625 0.040625 0.034375
0 0.26875 0.571875 0.0171875 0.021875
0 0.24609375 0.5796875 0.0171875 0.015625
0 0.25234375 0.55234375 0.021875 0.021875
0 0.246875 0.62734375 0.028125 0.0234375
0 0.303125 0.61953125 0.021875 0.028125
0 0.31640625 0.54765625 0.025 0.021875
0 0.31015625 0.575 0.01875 0.01875
0 0.33515625 0.5734375 0.0203125 0.021875
0 0.375 0.61953125 0.0140625 0.021875
0 0.20546875 0.58671875 0.021875 0.0203125
0 0.675 0.65546875 0.01875 0.021875
0 0.184375 0.82109375 0.028125 0.025
0 0.24375 0.78125 0.0296875 0.025
0 0.28671875 0.79453125 0.025 0.0234375
0 0.415625 0.57734375 0.025 0.01875
0 0.42109375 0.61796875 0.028125 0.021875
0 0.41328125 0.5015625 0.0234375 0.0171875