4 0.26953125 0.7578125 0.0546875 0.05625
4 0.7375 0.92265625 0.05 0.053125
4 0.23671875 0.6484375 0.0453125 0.0359375
4 0.4953125 0.51328125 0.034375 0.040625
4 0.51328125 0.42421875 0.0359375 0.034375
4 0.55078125 0.49296875 0.021875 0.021875
4 0.62109375 0.49453125 0.0265625 0.0234375
4 0.49140625 0.13515625 0.0359375 0.046875
4 0.625 0.1359375 0.0328125 0.034375
4 0.1421875 0.38828125 0.03125 0.0328125
4 0.20546875 0.225 0.03125 0.0375
4 0.3359375 0.16171875 0.03125 0.025
4 0.56328125 0.62734375 0.0359375 0.0359375
4 0.2125 0.47578125 0.03125 0.028125
4 0.75546875 0.375 0.028125 0.0296875
4 0.784375 0.42890625 0.025 0.03125