2 0.49921875 0.36796875 0.0765625 0.0796875
0 0.515625 0.70546875 0.0265625 0.02578125
4 0.5015625 0.52421875 0.021875 0.02734375
4 0.52578125 0.57890625 0.03046875 0.025
4 0.5703125 0.42265625 0.03984375 0.0390625
4 0.3328125 0.54375 0.025 0.01953125
0 0.34375 0.57890625 0.0234375 0.021875
2 0.0734375 0.559375 0.053125 0.03828125
4 0.240625 0.46015625 0.021875 0.01796875
4 0.8578125 0.57734375 0.0265625 0.03203125
4 0.3953125 0.45859375 0.02421875 0.01796875
4 0.41328125 0.5046875 0.0203125 0.0203125
0 0.2984375 0.53359375 0.01640625 0.01484375
0 0.73046875 0.50859375 0.02421875 0.021875
0 0.50859375 0.6640625 0.021875 0.02578125
3 0.33828125 0.946875 0.02734375 0.0265625
0 0.36796875 0.98125 0.03125 0.02265625
4 0.55234375 0.79375 0.02578125 0.01875
4 0.88203125 0.74140625 0.02265625 0.025
4 0.30390625 0.36875 0.02421875 0.01796875
2 0.175 0.384375 0.01953125 0.02578125