3 0.225 0.2734375 0.040625 0.034375
2 0.35390625 0.48828125 0.046875 0.04375
2 0.2984375 0.08671875 0.046875 0.0390625
4 0.709375 0.85390625 0.0265625 0.025
4 0.55703125 0.86640625 0.0265625 0.021875
4 0.47734375 0.83671875 0.021875 0.0265625
4 0.74296875 0.80234375 0.021875 0.0234375
4 0.85390625 0.84921875 0.021875 0.028125
4 0.61640625 0.7890625 0.025 0.021875
4 0.21328125 0.9546875 0.01875 0.025
4 0.34921875 0.81328125 0.021875 0.0296875
4 0.49296875 0.7078125 0.0265625 0.025
4 0.53046875 0.69609375 0.028125 0.028125
4 0.60546875 0.71171875 0.028125 0.0234375
4 0.64609375 0.70625 0.0265625 0.025
4 0.6640625 0.69609375 0.021875 0.0203125
4 0.6890625 0.6828125 0.0265625 0.025
4 0.5390625 0.62734375 0.021875 0.0296875
4 0.47421875 0.66171875 0.01875 0.0234375
4 0.27890625 0.34609375 0.0375 0.0359375
4 0.2375 0.421875 0.0234375 0.0234375
4 0.26171875 0.58046875 0.028125 0.0296875
4 0.59921875 0.51953125 0.0203125 0.0203125
4 0.61015625 0.47578125 0.021875 0.0203125
4 0.67890625 0.50078125 0.025 0.025
4 0.74296875 0.52578125 0.01875 0.025
4 0.76171875 0.70078125 0.0125 0.015625
4 0.02265625 0.84765625 0.0234375 0.021875
2 0.8453125 0.52890625 0.0234375 0.025
1 0.89375 0.54453125 0.065625 0.1546875
0 0.4125 0.5734375 0.0171875 0.0171875
2 0.3046875 0.0421875 0.0328125 0.028125