4 0.69296875 0.2578125 0.0265625 0.03125
4 0.71484375 0.2953125 0.0296875 0.0359375
4 0.7421875 0.2953125 0.02890625 0.0265625
4 0.53671875 0.51484375 0.02734375 0.0265625
4 0.5984375 0.69921875 0.025 0.0265625
4 0.73203125 0.6390625 0.03046875 0.03203125
4 0.69140625 0.77890625 0.025 0.034375
4 0.93515625 0.77421875 0.02109375 0.01796875
3 0.2875 0.76171875 0.0296875 0.0296875
4 0.17421875 0.63046875 0.03125 0.025
4 0.33125 0.17734375 0.01875 0.01796875
4 0.53828125 0.19140625 0.01171875 0.01875