4 0.57734375 0.728125 0.0359375 0.0484375
4 0.67109375 0.5671875 0.046875 0.034375
4 0.75703125 0.51328125 0.046875 0.04375
4 0.28984375 0.80859375 0.040625 0.0359375
4 0.221875 0.7421875 0.0421875 0.0328125
4 0.56953125 0.6109375 0.0375 0.034375
4 0.66484375 0.3484375 0.03125 0.0328125
4 0.76328125 0.428125 0.0359375 0.040625
4 0.9015625 0.5921875 0.028125 0.0359375
4 0.9625 0.55390625 0.034375 0.034375
4 0.8046875 0.528125 0.0328125 0.03125
4 0.80703125 0.59296875 0.0375 0.034375
4 0.8453125 0.71875 0.03125 0.0265625
4 0.8875 0.69140625 0.03125 0.0359375
4 0.75625 0.58828125 0.0328125 0.0390625