3 0.775 0.7265625 0.04140625 0.03515625
2 0.64609375 0.51171875 0.046875 0.04375
2 0.7015625 0.91328125 0.046875 0.0390625
4 0.290625 0.14609375 0.02578125 0.02421875
4 0.44296875 0.13359375 0.02578125 0.02265625
4 0.52265625 0.16328125 0.02265625 0.0265625
4 0.25703125 0.19765625 0.02265625 0.0234375
4 0.14609375 0.15078125 0.02265625 0.02734375
4 0.38359375 0.2109375 0.025 0.021875
4 0.78671875 0.0453125 0.01953125 0.025
4 0.65078125 0.18671875 0.02109375 0.0296875
4 0.50703125 0.2921875 0.0265625 0.02421875
4 0.46953125 0.30390625 0.028125 0.02734375
4 0.39453125 0.28828125 0.028125 0.0234375
4 0.35390625 0.29375 0.0265625 0.02421875
4 0.3359375 0.30390625 0.02265625 0.0203125
4 0.3109375 0.3171875 0.0265625 0.025
4 0.4609375 0.37265625 0.021875 0.0296875
4 0.52578125 0.33828125 0.01796875 0.0234375
4 0.72109375 0.65390625 0.03671875 0.0359375
4 0.7625 0.578125 0.0234375 0.0234375
4 0.73828125 0.41953125 0.02890625 0.0296875
4 0.40078125 0.48046875 0.0203125 0.0203125
4 0.38984375 0.52421875 0.02265625 0.0203125
4 0.32109375 0.49921875 0.025 0.02421875
4 0.25703125 0.47421875 0.01953125 0.025
4 0.23828125 0.29921875 0.01328125 0.01640625
4 0.97734375 0.15234375 0.0234375 0.02265625
2 0.1546875 0.47109375 0.0234375 0.02421875
1 0.10625 0.45546875 0.065625 0.15390625
0 0.5875 0.4265625 0.0171875 0.0171875
2 0.6953125 0.9578125 0.0328125 0.028125