4 0.31640625 0.3 0.02734375 0.02109375
4 0.44609375 0.65390625 0.02578125 0.025
4 0.31328125 0.7328125 0.028125 0.02421875
4 0.67421875 0.8828125 0.025 0.0234375
4 0.3890625 0.696875 0.025 0.0328125
4 0.575 0.34296875 0.03359375 0.02890625
0 0.17734375 0.4265625 0.021875 0.02421875
0 0.2015625 0.36796875 0.0203125 0.01796875
0 0.27109375 0.36640625 0.025 0.02578125
2 0.5828125 0.96015625 0.0265625 0.02421875
2 0.51015625 0.8796875 0.0265625 0.0265625
2 0.225 0.81328125 0.028125 0.0234375
2 0.2859375 0.95859375 0.0296875 0.0328125
4 0.396875 0.5609375 0.015625 0.01328125
4 0.3625 0.50390625 0.01875 0.01796875
0 0.91875 0.459375 0.0140625 0.015625
0 0.9078125 0.43046875 0.01015625 0.01015625
0 0.940625 0.44453125 0.0125 0.0140625
0 0.965625 0.4203125 0.01328125 0.015625
0 0.9609375 0.39375 0.0125 0.01171875
0 0.96015625 0.371875 0.015625 0.015625