0 0.28125 0.40625 0.025 0.021875
0 0.21328125 0.4140625 0.0375 0.03125
0 0.24296875 0.26484375 0.0296875 0.015625
0 0.24453125 0.28828125 0.01875 0.021875
0 0.3546875 0.2625 0.0171875 0.015625
0 0.42734375 0.28671875 0.025 0.01875
0 0.70859375 0.27421875 0.025 0.015625
0 0.6328125 0.34921875 0.0171875 0.0203125
0 0.68828125 0.35859375 0.021875 0.015625
0 0.63984375 0.37265625 0.021875 0.0234375
0 0.628125 0.41640625 0.028125 0.025
0 0.1765625 0.2640625 0.025 0.01875
0 0.18125 0.33984375 0.021875 0.025
0 0.13984375 0.45546875 0.0234375 0.028125
0 0.209375 0.47421875 0.025 0.025
0 0.87421875 0.39140625 0.028125 0.028125
3 0.8046875 0.1125 0.065625 0.0609375