4 0.7296875 0.43359375 0.0375 0.0359375
4 0.54296875 0.696875 0.0296875 0.0296875
4 0.6375 0.875 0.040625 0.0359375
4 0.80859375 0.72109375 0.0375 0.0328125
4 0.69453125 0.54296875 0.0375 0.03125
4 0.14609375 0.3734375 0.053125 0.046875
4 0.30546875 0.41484375 0.0453125 0.034375
4 0.67421875 0.48125 0.025 0.028125
4 0.62890625 0.534375 0.0328125 0.03125
4 0.6265625 0.6 0.025 0.025
4 0.71796875 0.08515625 0.034375 0.028125
4 0.70625 0.59453125 0.025 0.0234375
4 0.92890625 0.7078125 0.028125 0.028125
4 0.809375 0.86796875 0.028125 0.03125
4 0.853125 0.5015625 0.025 0.03125
4 0.1453125 0.80703125 0.025 0.03125
4 0.71015625 0.5046875 0.025 0.021875