4 0.484375 0.47734375 0.028125 0.03125
4 0.55546875 0.46171875 0.025 0.025
4 0.56953125 0.53671875 0.015625 0.025
4 0.60546875 0.546875 0.01875 0.01875
4 0.61875 0.590625 0.025 0.025
4 0.44765625 0.49296875 0.034375 0.0359375
4 0.525 0.478125 0.01875 0.01875
4 0.525 0.50703125 0.021875 0.01875
4 0.54296875 0.60703125 0.01875 0.01875
4 0.5328125 0.559375 0.0125 0.0109375
4 0.56953125 0.56953125 0.0125 0.0125
4 0.45234375 0.6265625 0.015625 0.01875
4 0.375 0.58828125 0.0171875 0.021875
4 0.40703125 0.48125 0.015625 0.021875
4 0.48046875 0.40390625 0.0171875 0.01875
4 0.53125 0.36796875 0.03125 0.021875
4 0.1125 0.6828125 0.021875 0.025
4 0.48203125 0.55 0.015625 0.01875
4 0.56953125 0.6828125 0.01875 0.01875