4 0.778125 0.3203125 0.03046875 0.03046875
4 0.840625 0.36953125 0.025 0.02421875
4 0.721875 0.61015625 0.02578125 0.03828125
4 0.86484375 0.61484375 0.02109375 0.028125
4 0.38515625 0.79765625 0.025 0.0265625
4 0.5375 0.90625 0.025 0.02734375
4 0.4703125 0.88828125 0.02578125 0.02734375
4 0.67734375 0.3515625 0.02578125 0.0265625
4 0.68046875 0.259375 0.0265625 0.03203125
4 0.76328125 0.14296875 0.0296875 0.04296875
4 0.68046875 0.14921875 0.02421875 0.03046875
4 0.62890625 0.1703125 0.02890625 0.0296875
4 0.8015625 0.26328125 0.02265625 0.03359375
4 0.93125 0.415625 0.03203125 0.03359375
4 0.6328125 0.70078125 0.03359375 0.0328125
4 0.9078125 0.68984375 0.03046875 0.03515625
4 0.4296875 0.934375 0.02421875 0.0265625
4 0.45 0.97890625 0.02734375 0.0265625
4 0.50859375 0.45078125 0.025 0.02578125
4 0.6921875 0.20625 0.028125 0.03125
4 0.74375 0.184375 0.0296875 0.02734375
4 0.45546875 0.23125 0.03203125 0.03046875
4 0.56796875 0.12578125 0.02734375 0.0203125
4 0.7953125 0.42734375 0.0296875 0.03125
4 0.62421875 0.98671875 0.0265625 0.0234375
4 0.87890625 0.24375 0.03125 0.03515625
4 0.6515625 0.4296875 0.03203125 0.028125