4 0.54609375 0.615625 0.0234375 0.02890625
4 0.5 0.67578125 0.02265625 0.02578125
4 0.46484375 0.74765625 0.021875 0.0203125
4 0.4296875 0.71640625 0.028125 0.0296875
4 0.39765625 0.60390625 0.0203125 0.021875
4 0.3484375 0.53984375 0.021875 0.01640625
0 0.5453125 0.91484375 0.02421875 0.028125
4 0.5015625 0.2703125 0.01875 0.02265625
4 0.228125 0.47578125 0.02421875 0.01796875
4 0.240625 0.509375 0.01796875 0.02265625
4 0.36484375 0.68203125 0.0171875 0.0171875
4 0.30078125 0.56953125 0.01796875 0.0203125
4 0.23359375 0.6421875 0.02109375 0.01875
4 0.3484375 0.64375 0.02890625 0.02109375
0 0.815625 0.08203125 0.0234375 0.025
0 0.38046875 0.05390625 0.0234375 0.021875