4 0.5265625 0.5109375 0.0375 0.034375
4 0.5859375 0.490625 0.03125 0.0296875
4 0.60234375 0.5796875 0.0296875 0.034375
4 0.69140625 0.59453125 0.025 0.0359375
4 0.7890625 0.53125 0.0296875 0.028125
4 0.7609375 0.4796875 0.03125 0.025
4 0.69921875 0.44765625 0.025 0.028125
4 0.715625 0.40234375 0.0328125 0.025
4 0.76328125 0.35859375 0.028125 0.021875
4 0.90859375 0.2828125 0.0375 0.03125
4 0.74453125 0.30234375 0.028125 0.025
4 0.66875 0.35 0.034375 0.0375
4 0.265625 0.459375 0.03125 0.0359375
4 0.1765625 0.346875 0.025 0.0375
4 0.5265625 0.30703125 0.028125 0.034375
4 0.42578125 0.5296875 0.0265625 0.03125
4 0.5953125 0.38515625 0.04375 0.040625
4 0.79453125 0.15625 0.03125 0.03125
4 0.6171875 0.6078125 0.025 0.021875
4 0.4421875 0.33046875 0.0203125 0.025
4 0.0828125 0.35625 0.0359375 0.034375
4 0.625 0.6421875 0.0375 0.025